상품명,가격,사진
[레드와인] 도스코파스 까베르네 소비뇽,"4,900",sitem.ssgcdn.com/01/22/58/item/1000048582201_i1_290.jpg
[화이트와인] 칸티 모스카토 IGT,"9,800",sitem.ssgcdn.com/73/74/98/item/1000227987473_i1_290.jpg
[레드와인] 도스 코파스 레드,"4,900",sitem.ssgcdn.com/78/96/83/item/1000049839678_i1_290.jpg
[레드와인] G7 까베르네 소비뇽,"7,900",sitem.ssgcdn.com/66/43/11/item/1000054114366_i1_290.jpg
[레드와인] 브레드 앤 버터 피노누아,"33,800",sitem.ssgcdn.com/51/13/73/item/1000416731351_i1_290.jpg
몬테스 알파 까베르네 쏘비뇽,"37,800",sitem.ssgcdn.com/60/31/57/item/1000544573160_i1_290.jpg
[레드와인] 세븐 폴스 카베르네 소비뇽,"19,800",sitem.ssgcdn.com/10/16/83/item/1000049831610_i1_290.jpg
[레드와인] 트라피체 브로켈 말벡,"19,800",sitem.ssgcdn.com/59/48/64/item/1000209644859_i1_290.jpg
[레드와인] G7 메를로,"7,900",sitem.ssgcdn.com/76/43/11/item/1000054114376_i1_290.jpg
[레드와인] 피치니 메모로 로쏘,"17,800",sitem.ssgcdn.com/61/37/92/item/1000227923761_i1_290.jpg
[레드와인] 마르께스 데 까사 콘차 까베르네 소비뇽,"35,000",sitem.ssgcdn.com/82/10/50/item/1000051501082_i1_290.jpg
[레드와인] 베니에르 피노누아,"15,000",sitem.ssgcdn.com/84/13/63/item/1000248631384_i1_290.jpg
[레드와인] 투핸즈 엔젤스 쉐어,"40,000",sitem.ssgcdn.com/24/62/08/item/1000228086224_i1_290.jpg
[화이트와인] 롱 반 캘리포니아 샤르도네,"14,800",sitem.ssgcdn.com/96/10/07/item/1000410071096_i1_290.jpg
[레드와인] 옐로우테일쉬라즈187,"5,800",sitem.ssgcdn.com/26/56/27/item/1000216275626_i1_290.jpg
[레드와인] 프론테라 까베르네 소비뇽,"8,800",sitem.ssgcdn.com/78/58/15/item/1000053155878_i1_290.jpg
[화이트와인] 생 클레어 말보로 소비뇽블랑 30주년,"19,800",sitem.ssgcdn.com/57/76/05/item/1000571057657_i1_290.jpg
앙시앙땅 리제르바 까베르네쇼비뇽,"12,800",sitem.ssgcdn.com/91/34/29/item/1000303293491_i1_290.jpg
[매장픽업]  파이퍼하이직 뀌베브뤼(스파클링와인),"113,000",sitem.ssgcdn.com/56/51/95/item/1000043955156_i1_290.jpg
[레드와인] 가또 네그로 까베르네 소비뇽,"7,800",sitem.ssgcdn.com/56/51/95/item/1000043955156_i2_290.jpg
[레드와인] 1865 리미티드 에디션 카베르네 소비뇽,"36,800",sitem.ssgcdn.com/45/58/15/item/1000053155845_i1_290.jpg
[레드와인] 코노수르 비씨클레타 피노누아,"15,800",sitem.ssgcdn.com/38/75/05/item/1000571057538_i1_290.jpg
[레드와인] 인디고 아이즈 피노누아,"19,460",sitem.ssgcdn.com/16/18/59/item/1000053591816_i1_290.jpg
[레드와인] G7 리저브 까베르네 소비뇽,"15,000",sitem.ssgcdn.com/25/04/49/item/1000051490425_i1_290.jpg
G7 까베르네 소비뇽 (375ml),"4,480",sitem.ssgcdn.com/67/43/11/item/1000054114367_i1_290.jpg
쁘띠장 부르고뉴 피노누아,"29,800",sitem.ssgcdn.com/15/43/11/item/1000054114315_i1_290.jpg
[화이트 와인] 머드 하우스 싱글 빈야드 소비뇽 블랑,"19,800",sitem.ssgcdn.com/91/22/53/item/1000347532291_i1_290.jpg
[레드와인] 브레드 앤 버터 카버네 소비뇽,"33,800",sitem.ssgcdn.com/52/67/43/item/1000518436752_i1_290.jpg
[화이트와인] 더 패스 소비뇽 블랑,"17,800",sitem.ssgcdn.com/34/13/73/item/1000416731334_i1_290.jpg
프레시넷 로제 스파클링,"31,000",sitem.ssgcdn.com/35/54/22/item/1000559225435_i1_290.jpg
[레드와인] 트라피체 말벡,"9,800",sitem.ssgcdn.com/30/93/11/item/1000404119330_i1_290.jpg
[레드와인] 피터르만 바로산 쉬라즈,"24,800",sitem.ssgcdn.com/05/99/49/item/1000051499905_i1_290.jpg
[레드와인] 콘차이토로 푸두 카베르네 쉬라즈,"7,900",sitem.ssgcdn.com/01/62/26/item/1000049266201_i1_290.jpg
[매장픽업]  뵈브 클리코 옐로 레이블,"119,000",sitem.ssgcdn.com/46/34/08/item/1000219083446_i1_290.jpg
[레드와인] 발비 소프라니 갈라로사 750ml,"12,800",sitem.ssgcdn.com/73/16/25/item/1000049251673_i1_290.jpg
"[매장픽업] 텍스트북, 나파 메를로","69,000",sitem.ssgcdn.com/66/58/18/item/1000555185866_i1_290.jpg
[레드와인] 1865 설렉티드 빈야드 멜롯,"36,800",sitem.ssgcdn.com/32/23/97/item/1000048972332_i1_290.jpg
[레드와인] 디아블로 데블스 콜렉션,"19,900",sitem.ssgcdn.com/23/57/29/item/1000062295723_i1_290.jpg
몬테스 엔젤스 시크릿 까버네쇼비뇽,"19,800",sitem.ssgcdn.com/96/20/46/item/1000051462096_i1_290.jpg
[레드와인] 프론테라 까르미네르,"8,800",sitem.ssgcdn.com/39/73/05/item/1000099057339_i1_290.jpg
[매장픽업] 모엣 샹동 임페리얼,"88,000",sitem.ssgcdn.com/77/58/15/item/1000053155877_i1_290.jpg
[레드와인] 하메스 크릭 까베르네 소비뇽,"9,900",sitem.ssgcdn.com/44/96/51/item/1000317519644_i1_290.jpg
[레드와인] 산타리타120 카버네소비뇽,"14,800",sitem.ssgcdn.com/89/63/59/item/1000248596389_i1_290.jpg
"[매장픽업] 텍스트북, 나파 카베르네 소비뇽","69,000",sitem.ssgcdn.com/52/58/15/item/1000053155852_i1_290.jpg
[레드와인] 옐로우테일 쉬라즈,"15,800",sitem.ssgcdn.com/05/20/11/item/1000328112005_i1_290.jpg
[매장픽업] 간치아 모스카토 로제,"20,000",sitem.ssgcdn.com/70/56/27/item/1000216275670_i1_290.jpg
[매장픽업] 뿌삐유 (레드와인),"94,000",sitem.ssgcdn.com/93/78/29/item/1000068297893_i1_290.jpg
[매장픽업] 클라우디 베이 소비뇽 블랑,"58,000",sitem.ssgcdn.com/18/82/00/item/1000051008218_i1_290.jpg
[레드와인] 마르께스 데 리스칼 리제르바,"42,000",sitem.ssgcdn.com/36/29/63/item/1000514632936_i1_290.jpg
[스파클링] 떼땅져 리저브 브뤼 NV,"80,000",sitem.ssgcdn.com/55/67/43/item/1000518436755_i1_290.jpg
피치니 피노키오,"15,800",sitem.ssgcdn.com/30/75/20/item/1000563207530_i1_290.jpg
[화이트와인] 폰타나프레다 모스카토 다스티 (르프롱드),"29,800",sitem.ssgcdn.com/48/71/10/item/1000432107148_i1_290.jpg
[레드와인] 코노수르 그란 레세르바 쉬라 30주년,"19,800",sitem.ssgcdn.com/48/60/15/item/1000053156048_i1_290.jpg
[화이트 와인] 브레드 앤 버터 샤도네이,"33,800",sitem.ssgcdn.com/47/75/05/item/1000571057547_i1_290.jpg
[화이트 와인] 롱고파이 말보로 소비뇽블랑,"17,800",sitem.ssgcdn.com/46/13/73/item/1000416731346_i1_290.jpg
[매장픽업] 클라우디 베이 샤도네이,"67,200",sitem.ssgcdn.com/58/49/40/item/1000550404958_i1_290.jpg
코디치 로쏘 뉴 스위트,"14,800",sitem.ssgcdn.com/58/43/16/item/1000412164358_i1_290.jpg
[매장픽업] 이기갈 꼬뜨 뒤 론 루즈 375ml (레드와인),"28,000",sitem.ssgcdn.com/05/47/62/item/1000248624705_i1_290.jpg
롱 반 캘리포니아 멜롯,"14,800",sitem.ssgcdn.com/36/22/01/item/1000051012236_i1_290.jpg
[레드와인] 피치니 끼안띠 375ml,"7,900",sitem.ssgcdn.com/06/11/07/item/1000410071106_i1_290.jpg
[레드와인] 산타캐롤리나 메를로 375,"6,900",sitem.ssgcdn.com/51/43/11/item/1000054114351_i1_290.jpg
[매장픽업] 피치니 메모로 루즈 (레드와인),"26,000",sitem.ssgcdn.com/56/58/15/item/1000053155856_i1_290.jpg
뿌삐유 750mL,"54,800",sitem.ssgcdn.com/11/96/79/item/1000044799611_i1_290.jpg
[화이트 와인] 머드 하우스 소비뇽 블랑,"24,800",sitem.ssgcdn.com/44/89/68/item/1000556688944_i1_290.jpg
[레드와인] 1865 셀렉티드 빈야드 까르미네르,"36,800",sitem.ssgcdn.com/48/67/43/item/1000518436748_i1_290.jpg
[매장픽업] 모엣 & 샹동 로제 임페리얼,"110,000",sitem.ssgcdn.com/89/61/26/item/1000049266189_i1_290.jpg
아스띠까 까베르네 소비뇽,"6,800",sitem.ssgcdn.com/31/53/50/item/1000069505331_i1_290.jpg
[매장픽업] 간치아 모스카토 다스티 DOCG,"22,000",sitem.ssgcdn.com/76/63/60/item/1000209606376_i1_290.jpg
[레드와인] 펜폴즈 쿠능가 힐 카베르네 소비뇽,"29,800",sitem.ssgcdn.com/00/65/29/item/1000068296500_i1_290.jpg
[매장픽업] 루이라뚜르 샤르도네(화이트와인),"60,000",sitem.ssgcdn.com/39/89/53/item/1000051538939_i1_290.jpg
[매장픽업] 모엣 & 샹동 임페리얼 375ml,"49,800",sitem.ssgcdn.com/22/77/86/item/1000043867722_i1_290.jpg
[레드와인] 미아 상그리아 클래식 로얄,"11,800",sitem.ssgcdn.com/22/77/86/item/1000043867722_i2_290.jpg
[레드와인] 인디고 아이즈 진판델,"19,460",sitem.ssgcdn.com/49/61/50/item/1000069506149_i1_290.jpg
[매장픽업] 산테로 피노 샤르도네 스푸만테(스파클링와인),"30,000",sitem.ssgcdn.com/31/58/15/item/1000053155831_i1_290.jpg
[매장픽업] 푸나무 소비뇽 블랑,"29,000",sitem.ssgcdn.com/49/04/49/item/1000051490449_i1_290.jpg
[매장픽업] 샤토 생 미셸 컬럼비아 밸리 리슬링,"31,000",sitem.ssgcdn.com/07/28/85/item/1000043852807_i1_290.jpg
[레드와인] 코노수르 비씨클레타 까베르네 소비뇽,"15,800",sitem.ssgcdn.com/07/28/85/item/1000043852807_i2_290.jpg
[레드와인] 폰토디 끼안티 클라시코 DOCG,"55,000",sitem.ssgcdn.com/89/09/34/item/1000072340989_i1_290.jpg
[화이트와인] 샤토 생 미셸 컬럼비아 밸리 샤르도네,"29,800",sitem.ssgcdn.com/97/52/14/item/1000104145297_i1_290.jpg
[레드와인]1865 헤리티지 블렌드,"55,000",sitem.ssgcdn.com/36/04/49/item/1000051490436_i1_290.jpg
[화이트와인] 쁘띠장 부르고뉴 샤도네이,"29,800",sitem.ssgcdn.com/03/23/53/item/1000347532303_i1_290.jpg
[매장픽업] 빌라엠 로소,"40,000",sitem.ssgcdn.com/89/26/27/item/1000049272689_i1_290.jpg
G7 메를로 (375ml),"4,480",sitem.ssgcdn.com/76/47/11/item/1000054114776_i1_290.jpg
[레드와인] 코노수르 비씨클레타 까르미네르,"15,800",sitem.ssgcdn.com/88/86/77/item/1000227778688_i1_290.jpg
[매장픽업] 루이자도 부르고뉴 샤도네이 375ml (화이트와인),"50,000",sitem.ssgcdn.com/45/85/00/item/1000051008545_i1_290.jpg
[레드와인] 핀카 라스 모라스 말벡,"9,900",sitem.ssgcdn.com/77/09/55/item/1000209550977_i1_290.jpg
운드라가 시바리스 까버네쇼비뇽,"19,800",sitem.ssgcdn.com/85/79/82/item/1000227827985_i1_290.jpg
[레드와인] 라포스톨 달라멜 버라이어탈 메를로,"12,800",sitem.ssgcdn.com/06/72/46/item/1000051467206_i1_290.jpg
[매장픽업]  텍스트북 배럴티프 까베르네소비뇽,"110,000",sitem.ssgcdn.com/30/76/96/item/1000043967630_i1_290.jpg
"[매장픽업] 아바지아, 허니문 모스카토 (스파클링와인)","22,000",sitem.ssgcdn.com/47/25/13/item/1000051132547_i1_290.jpg
[매장픽업] 투핸즈 엔젤스쉐어 (레드와인),"74,000",sitem.ssgcdn.com/47/25/13/item/1000051132547_i2_290.jpg
[레드와인] 트라피체 까베르네 소비뇽,"9,800",sitem.ssgcdn.com/78/39/79/item/1000044793978_i1_290.jpg
[레드와인] 코노수르20배럴 피노누아,"83,000",sitem.ssgcdn.com/62/58/15/item/1000053155862_i1_290.jpg
[화이트와인] 폴트라인 말보로 소비뇽블랑,"19,800",sitem.ssgcdn.com/50/60/79/item/1000227796050_i1_290.jpg
[레드와인] 운두라가 파운더스 콜렉션 까버네쇼비뇽,"49,800",sitem.ssgcdn.com/90/59/76/item/1000568765990_i1_290.jpg
[매장픽업] 당장페이 브뤼,"58,000",sitem.ssgcdn.com/39/04/49/item/1000051490439_i1_290.jpg
[레드와인] 가또 네그로 까르미네르,"7,800",sitem.ssgcdn.com/52/90/34/item/1000072349052_i1_290.jpg
[매장픽업] 오이스터베이 소비뇽블랑(화이트와인),"60,000",sitem.ssgcdn.com/74/58/15/item/1000053155874_i1_290.jpg
[레드와인] 얄리 와일드스완 까베르네소비뇽 하프,"8,800",sitem.ssgcdn.com/22/74/84/item/1000043847422_i1_290.jpg
[레드와인] 베어풋 쉬라즈,"14,800",sitem.ssgcdn.com/22/74/84/item/1000043847422_i2_290.jpg
1+1 벨기에 유기농 무알콜 와인 벤돔 로제 750ml 논알콜 샴페인,"33,370",sitem.ssgcdn.com/34/42/11/item/1000054114234_i1_290.jpg
[레드와인] 다렌버그 풋볼트 쉬라즈,"24,800",sitem.ssgcdn.com/78/17/62/item/1000217621778_i1_290.jpg
[매장픽업] 빌라엠 썸,"15,000",sitem.ssgcdn.com/71/71/60/item/1000541607171_i1_290.jpg
보테가 논알콜 와인맛 스파클링 로제 750ml,"29,890",sitem.ssgcdn.com/83/85/14/item/1000053148583_i1_290.jpg
[매장픽업] 비고르 레드+ 비고르 화이트 와인선물세트,"58,000",sitem.ssgcdn.com/65/05/32/item/1000072320565_i1_290.jpg
[레드와인] 트리오 리제르바 까버네쇼비뇽,"17,800",sitem.ssgcdn.com/21/65/60/item/1000541606521_i1_290.jpg
[화이트와인] 우드브릿지 소비뇽블랑,"19,800",sitem.ssgcdn.com/48/29/38/item/1000525382948_i1_290.jpg
[레드와인] 롱반 캘리포니아 카버네 쇼비뇽,"14,800",sitem.ssgcdn.com/24/01/53/item/1000051530124_i1_290.jpg
[레드와인] 코노수르 싱글빈야드 까베르네소비뇽,"36,800",sitem.ssgcdn.com/25/72/34/item/1000554347225_i1_290.jpg
[매장픽업] 피치니 메모로 화이트 (화이트와인),"26,000",sitem.ssgcdn.com/47/55/12/item/1000557125547_i1_290.jpg
[매장픽업]  1865 셀렉티드 빈야드 카베르네 소비뇽,"38,000",sitem.ssgcdn.com/25/60/79/item/1000227796025_i1_290.jpg
G7 까베르네 소비뇽 (187ml),"2,980",sitem.ssgcdn.com/62/78/04/item/1000051047862_i1_290.jpg
이기갈 지공다스 750mL,"55,000",sitem.ssgcdn.com/79/16/48/item/1000360481679_i1_290.jpg
[레드와인] 끌로 드 로스 씨에떼,"42,800",sitem.ssgcdn.com/26/43/11/item/1000054114326_i1_290.jpg
[매장픽업] 샤또 지스꾸르 2017,"248,000",sitem.ssgcdn.com/89/77/58/item/1000543587789_i1_290.jpg
[레드와인] 킬리카눈 코브넌트 쉬라즈,"49,800",sitem.ssgcdn.com/54/66/74/item/1000335746654_i1_290.jpg
[매장픽업] 파이퍼하이직 빈티지(스파클링와인),"200,000",sitem.ssgcdn.com/65/19/28/item/1000147281965_i1_290.jpg
[레드와인] 투핸즈 섹시 비스트,"40,000",sitem.ssgcdn.com/30/79/59/item/1000248597930_i1_290.jpg
세라벨 샤또네프뒤빠프,"39,800",sitem.ssgcdn.com/27/64/95/item/1000043956427_i1_290.jpg
[레드와인] 페데리코 파테니나 그란 레세르바,"19,800",sitem.ssgcdn.com/27/64/95/item/1000043956427_i4_290.jpg
[매장픽업] 몬테스 알파 카버네 소비뇽,"57,000",sitem.ssgcdn.com/90/03/49/item/1000051490390_i1_290.jpg
[레드와인] 산타캐롤리나 리제르바 까버네소비뇽,"19,800",sitem.ssgcdn.com/00/33/09/item/1000266093300_i1_290.jpg
[화이트와인] 울프 블라스 레드라벨 샤도네이,"17,000",sitem.ssgcdn.com/27/08/95/item/1000227950827_i1_290.jpg
[레드와인] 콜럼비아 크레스트 H3 까베르네 소비뇽,"45,800",sitem.ssgcdn.com/87/32/00/item/1000072003287_i1_290.jpg
[레드와인] 떼라 린다 쉬라,"19,800",sitem.ssgcdn.com/54/58/15/item/1000053155854_i1_290.jpg
[레드와인] AB 쥬브레 샹베르땡 라 저스티스,"95,000",sitem.ssgcdn.com/10/74/13/item/1000065137410_i1_290.jpg
[매장픽업] 케이머스 카버네 소비뇽,"240,000",sitem.ssgcdn.com/32/42/74/item/1000227744232_i1_290.jpg
[스파클링] 조닌 꼰띠 부네이스 모스카토 다스티,"24,800",sitem.ssgcdn.com/50/04/49/item/1000051490450_i1_290.jpg
[레드와인] 핀카라스 모라스 파즈 말벡,"22,000",sitem.ssgcdn.com/06/75/20/item/1000563207506_i1_290.jpg
[매장픽업] 덕혼 디코이 카버네 소비뇽,"107,000",sitem.ssgcdn.com/60/96/29/item/1000531299660_i1_290.jpg
[매장픽업] 스택스 립 와인 셀라 아르테미스 까베르네 소비뇽,"233,000",sitem.ssgcdn.com/56/72/85/item/1000217857256_i1_290.jpg
[레드와인] 라 크라사드 까베르네 시라 (1.5L),"24,800",sitem.ssgcdn.com/86/61/26/item/1000049266186_i1_290.jpg
[매장픽업]  더 피노 프로젝트,"40,000",sitem.ssgcdn.com/64/93/64/item/1000289649364_i1_290.jpg
[매장픽업] 그랑 파씨오네(레드와인),"80,000",sitem.ssgcdn.com/12/90/24/item/1000455249012_i1_290.jpg
[매장픽업]  이스까이,"99,000",sitem.ssgcdn.com/44/62/38/item/1000541386244_i1_290.jpg
[화이트와인] 트리오 레세르바 샤르도네,"17,800",sitem.ssgcdn.com/94/58/95/item/1000043955894_i1_290.jpg
[레드와인] 코노수르 싱글빈야드 피노누아,"36,800",sitem.ssgcdn.com/18/63/26/item/1000049266318_i1_290.jpg
쉐이퍼 원 포인트 파이브 750mL,"281,000",sitem.ssgcdn.com/70/50/47/item/1000360475070_i1_290.jpg
[매장픽업] 1883 보르도 + 샤또 다비오 와인선물세트,"39,600",sitem.ssgcdn.com/37/60/15/item/1000053156037_i1_290.jpg
[레드와인] 페데리코 파테니나 크리안자,"12,800",sitem.ssgcdn.com/65/86/77/item/1000227778665_i1_290.jpg
"[매장픽업] 피오 체사레, 바롤로","95,000",sitem.ssgcdn.com/58/32/75/item/1000549753258_i1_290.jpg
프리마 파베 무알콜 스파클링 와인 750ml 로즈 돌체,"44,100",sitem.ssgcdn.com/39/85/09/item/1000575098539_i1_290.jpg
[레드와인] 페스티보 로쏘,"7,980",sitem.ssgcdn.com/82/07/95/item/1000227950782_i1_290.jpg
[매장픽업] 다이아몬드 레이크뷰 비달 아이스바인,"68,000",sitem.ssgcdn.com/40/22/16/item/1000328162240_i1_290.jpg
[화이트와인] 우드브릿지 샤도네이,"19,800",sitem.ssgcdn.com/84/21/19/item/1000549192184_i1_290.jpg
칸티 모스카토 다스티 DOCG 750mL,"17,800",sitem.ssgcdn.com/91/40/56/item/1000238564091_i1_290.jpg
[레드와인] 옐로우테일 메를로,"15,800",sitem.ssgcdn.com/25/87/66/item/1000277668725_i1_290.jpg
에스메랄다 말벡,"18,000",sitem.ssgcdn.com/89/74/34/item/1000554347489_i1_290.jpg
"[매장픽업] 브라운 브라더스 모스까또 로사(스파클링,로제와인)","22,000",sitem.ssgcdn.com/59/24/43/item/1000518432459_i1_290.jpg
[레드와인] 샤또 아가든,"14,800",sitem.ssgcdn.com/66/56/27/item/1000216275666_i1_290.jpg
[레드와인] 떼라 린다 가르나차,"19,800",sitem.ssgcdn.com/43/59/97/item/1000227975943_i1_290.jpg
[레드와인] 그래블리 포드 피노누아,"26,000",sitem.ssgcdn.com/04/59/78/item/1000048785904_i1_290.jpg
피치니 끼안티 클라시코,"17,800",sitem.ssgcdn.com/69/58/15/item/1000053155869_i1_290.jpg
[레드와인] 타라파카 그란 레세르바 까베르네 소비뇽,"18,800",sitem.ssgcdn.com/74/04/49/item/1000051490474_i1_290.jpg
[매장픽업] 디아블로 리엔다(레드와인),"120,000",sitem.ssgcdn.com/70/84/14/item/1000053148470_i1_290.jpg
[레드와인] 피치니 메모로 빈티지,"29,800",sitem.ssgcdn.com/83/37/92/item/1000227923783_i1_290.jpg
[매장픽업] 이스까이 시라 비오니에,"103,000",sitem.ssgcdn.com/28/53/00/item/1000553005328_i1_290.jpg
[레드와인] 반피 끼안띠클라시코,"39,800",sitem.ssgcdn.com/16/98/26/item/1000049269816_i1_290.jpg
바롱 드 레스탁 시그니처 보르도 루즈,"19,800",sitem.ssgcdn.com/18/06/03/item/1000054030618_i1_290.jpg
[매장픽업] 몬테스 알파 피노 누와,"66,000",sitem.ssgcdn.com/93/71/12/item/1000404127193_i1_290.jpg
[매장픽업] 맥스 리제르바 피노누아,"44,000",sitem.ssgcdn.com/63/35/56/item/1000520563563_i1_290.jpg
[매장픽업] 덕혼 카버네 소비뇽,"223,000",sitem.ssgcdn.com/94/60/13/item/1000530136094_i1_290.jpg
샤또무주 라 로제 스위트 진저와인 12도 375ml,"7,000",sitem.ssgcdn.com/89/55/68/item/1000520685589_i1_290.jpg
[레드와인] 아발론 나파밸리 까버네쇼비뇽,"43,500",sitem.ssgcdn.com/89/55/68/item/1000520685589_i2_290.jpg
[매장픽업] 루이나 블랑 드 블랑,"190,000",sitem.ssgcdn.com/03/57/95/item/1000051955703_i1_290.jpg
알타비스타 비베 클래식 말벡,"22,800",sitem.ssgcdn.com/71/91/49/item/1000319499171_i1_290.jpg
G7 메를로 (187ml),"2,980",sitem.ssgcdn.com/71/91/49/item/1000319499171_i2_290.jpg
투핸즈 엔젤스 쉐어 750mL,"40,000",sitem.ssgcdn.com/68/42/11/item/1000054114268_i1_290.jpg
[레드와인] 카르멘 그란 리쎄르바 멜로,"32,800",sitem.ssgcdn.com/75/47/11/item/1000054114775_i1_290.jpg
"[매장픽업] 샤토 드 트레시, 마드모아젤 드 티","70,000",sitem.ssgcdn.com/71/75/68/item/1000556687571_i1_290.jpg
루이자도 부르고뉴 루즈 꾸벙 데 자코방,"49,800",sitem.ssgcdn.com/16/92/38/item/1000249389216_i1_290.jpg
[매장픽업] 알테시노 로쏘 디 몬탈치노 (레드와인),"110,000",sitem.ssgcdn.com/82/47/44/item/1000169444782_i1_290.jpg
[매장픽업] 파 니엔테 니켈 CC 랜치 까베르네 소비뇽,"300,000",sitem.ssgcdn.com/00/69/25/item/1000226256900_i1_290.jpg
[스파클링] 앙드레 끌루에 V6 익스피리언스,"79,800",sitem.ssgcdn.com/65/67/35/item/1000542356765_i1_290.jpg
[매장픽업] 덕혼 패러덕스,"171,000",sitem.ssgcdn.com/78/08/58/item/1000048580878_i1_290.jpg
[레드와인] 피터르만 힐 앤 밸리 쉬라즈,"49,800",sitem.ssgcdn.com/38/75/20/item/1000563207538_i1_290.jpg
[매장픽업] 킴 크로포드 말보로 소비뇽 블랑,"55,000",sitem.ssgcdn.com/16/76/63/item/1000522637616_i1_290.jpg
1+1 벨기에 유기농 무알콜 와인 벤돔 클래식 750ml 논알콜 샴페인,"33,370",sitem.ssgcdn.com/94/20/72/item/1000214722094_i1_290.jpg
[매장픽업] 덕혼 디코이 멀롯,"107,000",sitem.ssgcdn.com/61/44/58/item/1000531584461_i1_290.jpg
[스파클링] 샹파뉴 브리몽꾸르 블랑 드 블랑,"110,000",sitem.ssgcdn.com/75/75/60/item/1000541607575_i1_290.jpg
"[매장픽업] 피오 체사레, 바르바레스코","95,000",sitem.ssgcdn.com/72/90/72/item/1000289729072_i1_290.jpg
[매장픽업] 모엣 & 샹동 임페리얼 스페셜리 유얼즈 2022,"88,000",sitem.ssgcdn.com/39/75/20/item/1000563207539_i1_290.jpg
[매장픽업] 라 네르트 꼬뜨 뒤 론 블랑 레 까산느,"60,000",sitem.ssgcdn.com/46/70/17/item/1000328177046_i1_290.jpg
[매장픽업] 덕혼 디코이 리미티드 나파 카버네 소비뇽,"138,000",sitem.ssgcdn.com/85/21/50/item/1000319502185_i1_290.jpg
[매장픽업]  모엣 & 샹동 로제 임페리얼 EOY 23,"103,000",sitem.ssgcdn.com/85/21/50/item/1000319502185_i2_290.jpg
[매장픽업] 브라운 브라더스 시에나,"22,000",sitem.ssgcdn.com/29/95/13/item/1000530139529_i1_290.jpg
사가 알 메독,"35,000",sitem.ssgcdn.com/82/09/66/item/1000289660982_i1_290.jpg
[레드와인] 프리시젼 나파 밸리 까베르네 소비뇽,"39,800",sitem.ssgcdn.com/06/97/24/item/1000049249706_i1_290.jpg
"[매장픽업] 샴페인 드라피에, 까르뜨 도르 브륏 NV","75,000",sitem.ssgcdn.com/05/98/31/item/1000068319805_i1_290.jpg
"[매장픽업] 샤토 페랑드, 블랑","50,000",sitem.ssgcdn.com/33/39/71/item/1000524713933_i1_290.jpg
[매장픽업]  도멘 기슐렌 바토드 샴볼-뮈지니,"280,000",sitem.ssgcdn.com/20/32/21/item/1000527213220_i1_290.jpg
[레드와인] 엠 샤푸티에 코트 뒤 론 루즈 (이마트),"19,800",sitem.ssgcdn.com/66/88/09/item/1000051098866_i1_290.jpg
미켈레 끼아를로 모스카토 다스티 니볼레 DOCG,"28,000",sitem.ssgcdn.com/50/46/45/item/1000169454650_i1_290.jpg
[매장픽업] 모엣 & 샹동 로제 임페리얼 375ml,"69,800",sitem.ssgcdn.com/60/13/88/item/1000376881360_i1_290.jpg
[매장픽업] 까테나 자파타 까베르네 소비뇽+운두라가 싱글빈야드 까베르네 소비뇽 와인선물세트,"56,850",sitem.ssgcdn.com/78/73/86/item/1000049867378_i1_290.jpg
[매장픽업] 파이퍼 하이직 레어,"650,000",sitem.ssgcdn.com/55/18/57/item/1000431571855_i1_290.jpg
[레드와인] 폰세카 루비 포트,"32,800",sitem.ssgcdn.com/21/08/22/item/1000070220821_i1_290.jpg
[매장픽업] 몬테칠로 리제르바(레드와인),"31,000",sitem.ssgcdn.com/40/85/09/item/1000575098540_i1_290.jpg
알타비스타 프리미엄 말벡,"28,800",sitem.ssgcdn.com/97/92/28/item/1000049289297_i1_290.jpg
[레드와인] 옐로우테일 까버네,"15,800",sitem.ssgcdn.com/97/92/28/item/1000049289297_i2_290.jpg
[레드와인] 토마시 아마로네 이 피아네티 델라 발폴리첼라 클라시코,"60,000",sitem.ssgcdn.com/39/43/11/item/1000054114339_i1_290.jpg
[매장픽업] 푸나무 소비뇽 블랑,"32,000",sitem.ssgcdn.com/33/61/69/item/1000043696133_i1_290.jpg
[레드와인] 레드윅 에스테이트 레드,"9,900",sitem.ssgcdn.com/29/46/58/item/1000238584629_i1_290.jpg
"[매장픽업] 로쉬 드 벨렌, 부르고뉴 피노누아 퀴베 리저브 (레드와인)","70,000",sitem.ssgcdn.com/50/56/27/item/1000216275650_i1_290.jpg
루이자도 부르고뉴 피노누아 750mL,"45,000",sitem.ssgcdn.com/53/04/53/item/1000051530453_i1_290.jpg
[레드와인] 르프롱드 브라케토,"34,800",sitem.ssgcdn.com/81/28/96/item/1000164962881_i1_290.jpg
[매장픽업] 앙드레 끌루에 상파뉴 브뤼 그랑 리저브,"111,000",sitem.ssgcdn.com/67/29/19/item/1000558192967_i1_290.jpg
[레드와인] 베어풋 카버네 소비뇽,"14,800",sitem.ssgcdn.com/17/32/33/item/1000049333217_i1_290.jpg
[매장픽업] 샤또 까농 2013,"270,000",sitem.ssgcdn.com/17/32/33/item/1000049333217_i2_290.jpg
보히가스 까마 세미섹,"18,800",sitem.ssgcdn.com/83/02/58/item/1000543580283_i1_290.jpg
[레드와인] 마주앙 메도크,"19,800",sitem.ssgcdn.com/97/16/39/item/1000216391697_i1_290.jpg
[매장픽업] 프루노토 모스카토 다스티,"40,000",sitem.ssgcdn.com/97/16/39/item/1000216391697_i2_290.jpg
브로켈 까베르네 소비뇽,"19,800",sitem.ssgcdn.com/27/33/79/item/1000044793327_i1_290.jpg
쉬르 엉 뉘아쥬 까베르네 메를로,"14,800",sitem.ssgcdn.com/02/07/36/item/1000217360702_i1_290.jpg
[레드와인] 홉노브 피노누아,"15,000",sitem.ssgcdn.com/25/03/79/item/1000343790325_i1_290.jpg
JP 슈네 스파클링 스위트 750mL,"15,000",sitem.ssgcdn.com/02/15/58/item/1000248581502_i1_290.jpg
[매장픽업]  브라운 브라더스 모스카토,"22,000",sitem.ssgcdn.com/18/17/62/item/1000217621718_i1_290.jpg
[매장픽업] 까스텔포르테 발폴리첼라 리빠소,"25,000",sitem.ssgcdn.com/86/47/54/item/1000331544786_i1_290.jpg
[레드와인] 베어풋 피노누아 750ml,"14,800",sitem.ssgcdn.com/67/48/64/item/1000209644867_i1_290.jpg
쓰리 핑거 잭 까베르네 소비뇽 18,"27,800",sitem.ssgcdn.com/23/39/21/item/1000125213923_i1_290.jpg
"[매장픽업] 그라함, 10년 토니 포트 (포트와인)","85,000",sitem.ssgcdn.com/67/58/15/item/1000053155867_i1_290.jpg
[매장픽업] 브로켈 말벡(레드와인),"25,000",sitem.ssgcdn.com/40/22/53/item/1000549532240_i1_290.jpg
칸티 브라케토 750mL,"17,800",sitem.ssgcdn.com/88/89/31/item/1000068318988_i1_290.jpg
안나 스피나토 무알콜 스파클링 제로 블러쉬 와인 750ml 논알콜 임산부 와인,"29,860",sitem.ssgcdn.com/94/62/57/item/1000065576294_i1_290.jpg
[매장픽업] 카멜로드 몬테레이 피노누아(레드와인),"100,000",sitem.ssgcdn.com/06/07/36/item/1000217360706_i1_290.jpg
루이자도 부르고뉴 샤도네이 750mL,"45,000",sitem.ssgcdn.com/91/35/59/item/1000248593591_i1_290.jpg
[레드와인] 피터르만 바로산 까버네 소비뇽,"24,800",sitem.ssgcdn.com/36/66/36/item/1000049366636_i1_290.jpg
[매장픽업] 셀리에 데 프린스 샤또네프뒤파프(레드와인),"110,000",sitem.ssgcdn.com/36/66/36/item/1000049366636_i2_290.jpg
"[매장픽업] 찰스 하이직, 브륏 리저브 375ml (샴페인)","148,000",sitem.ssgcdn.com/37/53/65/item/1000043655337_i1_290.jpg
[레드와인] 캐논볼 까버네소비뇽,"21,800",sitem.ssgcdn.com/09/13/11/item/1000555111309_i1_290.jpg
[매장픽업] 운두라가 브뤼 375ml,"14,000",sitem.ssgcdn.com/74/57/47/item/1000565475774_i1_290.jpg
[매장픽업] 카스텔블랑 엑스트라 브륏,"32,000",sitem.ssgcdn.com/28/34/27/item/1000049273428_i1_290.jpg
[매장픽업] 앙드레 끌루에 상파뉴 실버 브뤼,"111,000",sitem.ssgcdn.com/89/39/44/item/1000555443989_i1_290.jpg
[매장픽업] KY1865 세트 (1본입),"63,000",sitem.ssgcdn.com/69/83/86/item/1000049868369_i1_290.jpg
안나 스피나토 무알콜 스파클링 제로 와인 750ml 논알콜 임산부 와인,"29,880",sitem.ssgcdn.com/65/65/84/item/1000043846565_i1_290.jpg
"[매장픽업] 메종 지네스테, 라 슈발리에 그랑 리저브 (레드와인)","20,000",sitem.ssgcdn.com/65/65/84/item/1000043846565_i2_290.jpg
[레드와인] 페라톤 프레데릭베르디 꼬뜨뒤론루즈,"15,000",sitem.ssgcdn.com/54/70/18/item/1000051187054_i1_290.jpg
몬테스 엔젤스 시크릿 까르미네르,"19,800",sitem.ssgcdn.com/54/70/18/item/1000051187054_i2_290.jpg
[레드와인] 마르께스 데 까사 콘차 쉬라,"35,000",sitem.ssgcdn.com/70/63/59/item/1000248596370_i1_290.jpg
"[매장픽업] 빌라 욜란다, 모스카토 다스티","40,000",sitem.ssgcdn.com/22/26/01/item/1000051012622_i1_290.jpg
토마시 그라티시오 아파시오나토 6입 박스,"89,000",sitem.ssgcdn.com/78/41/78/item/1000542784178_i1_290.jpg
[매장픽업] 코폴라 로쏘 앤 비앙코 까쇼+로쏘 와인선물세트,"98,000",sitem.ssgcdn.com/45/85/09/item/1000575098545_i1_290.jpg
[레드와인] 트리벤토 트리부 말벡,"15,000",sitem.ssgcdn.com/20/17/39/item/1000216391720_i1_290.jpg
펜폴즈 클럽 포트,"30,000",sitem.ssgcdn.com/09/16/59/item/1000248591609_i1_290.jpg
[매장픽업] KY프리미엄 아이스와인 2호,"34,000",sitem.ssgcdn.com/08/00/58/item/1000065580008_i1_290.jpg
"[매장픽업] 마이클 몬다비 패밀리, 스펠바운드 피노누아","35,000",sitem.ssgcdn.com/57/27/97/item/1000048972757_i1_290.jpg
[매장픽업] 피치니 끼안띠 375ml (레드와인),"13,800",sitem.ssgcdn.com/41/18/01/item/1000051011841_i1_290.jpg
앙드레 끌루에 상파뉴 브뤼 그랑 리저브 750mL,"65,000",sitem.ssgcdn.com/67/30/80/item/1000556803067_i1_290.jpg
[매장픽업]  몰리두커 더 복서,"60,000",sitem.ssgcdn.com/83/15/96/item/1000043961583_i1_290.jpg
쌩 클레어 파이오니어 블록 소비뇽 블랑 750mL,"34,800",sitem.ssgcdn.com/93/43/58/item/1000543584393_i1_290.jpg
"[매장픽업] 찰스 하이직, 브륏 리저브 (샴페인)","98,000",sitem.ssgcdn.com/53/68/18/item/1000051186853_i1_290.jpg
[매장픽업] 펜폴즈 쿠능가 힐 쉬라즈 까베르네,"32,000",sitem.ssgcdn.com/53/68/18/item/1000051186853_i2_290.jpg
[레드와인] 프레스코발디 카스틸리오니 끼안티,"28,000",sitem.ssgcdn.com/63/80/45/item/1000063458063_i1_290.jpg
레 라마세르 까버네쇼비뇽,"14,800",sitem.ssgcdn.com/33/33/61/item/1000065613333_i1_290.jpg
[레드와인] 폰세카 타우니 포트,"39,800",sitem.ssgcdn.com/08/39/21/item/1000125213908_i1_290.jpg
[매장픽업] 샤토 생 미셸 컬럼비아 밸리 카베르네 소비뇽,"50,000",sitem.ssgcdn.com/86/09/37/item/1000229370986_i1_290.jpg
[매장픽업]  엠 샤푸티에 라 시부아즈 꼬스띠에 님(레드와인),"22,000",sitem.ssgcdn.com/20/62/18/item/1000104186220_i1_290.jpg
"[매장픽업] 임페리움 비니, 템프라니요 (레드와인)","10,000",sitem.ssgcdn.com/08/14/15/item/1000051151408_i1_290.jpg
[레드와인] 델리카토 날리헤드 올드바인 진판델,"29,800",sitem.ssgcdn.com/89/54/46/item/1000051465489_i1_290.jpg
[매장픽업]  펜폴즈 빈 28 칼림나 쉬라즈(레드와인),"87,000",sitem.ssgcdn.com/89/54/46/item/1000051465489_i2_290.jpg
울프 블라스 레드라벨 타우니 포트,"17,000",sitem.ssgcdn.com/72/48/46/item/1000051464872_i1_290.jpg
[레드와인] 트리벤토 리저브 말벡,"23,800",sitem.ssgcdn.com/53/71/69/item/1000048697153_i1_290.jpg
[레드와인] 산타크리스티나750ml,"19,000",sitem.ssgcdn.com/85/96/81/item/1000390819685_i1_290.jpg
"[매장픽업] 럭스, 골드 브륏 NV","18,000",sitem.ssgcdn.com/91/70/21/item/1000053217091_i1_290.jpg
[레드와인] 운두라가 테루아 헌터 더 맨,"19,800",sitem.ssgcdn.com/65/58/15/item/1000053155865_i1_290.jpg
[매장픽업] 루이자도 샤블리,"92,000",sitem.ssgcdn.com/82/00/75/item/1000063750082_i1_290.jpg
[레드와인] 핀까엘 오리엔 까베르네 소비뇽,"12,800",sitem.ssgcdn.com/15/82/62/item/1000556628215_i1_290.jpg
SR)피치니 끼안띠,"14,000",sitem.ssgcdn.com/69/36/27/item/1000455273669_i1_290.jpg
[매장픽업] 빌라 엠(화이트와인),"36,000",sitem.ssgcdn.com/14/15/07/item/1000228071514_i1_290.jpg
[매장픽업] 더 페데럴리스트 진판델(레드와인),"50,000",sitem.ssgcdn.com/31/37/92/item/1000227923731_i1_290.jpg
[매장픽업] 간치아 아스티 스푸만떼 DOCG,"22,000",sitem.ssgcdn.com/70/25/27/item/1000049272570_i1_290.jpg
[매장픽업] 보시오 트러플 헌터 모스카토 다스티 DOCG,"19,000",sitem.ssgcdn.com/60/84/85/item/1000043858460_i1_290.jpg
[레드와인] 아싸 크리안자,"34,800",sitem.ssgcdn.com/60/84/85/item/1000043858460_i2_290.jpg
"[매장픽업] 샤토 마이에, 샤토 로셰 가르다 (레드와인)","74,000",sitem.ssgcdn.com/26/95/29/item/1000068299526_i1_290.jpg
[레드와인] 크레스만 생떼밀리옹,"39,800",sitem.ssgcdn.com/46/04/31/item/1000068310446_i1_290.jpg
"[매장픽업] 빌라 욜란다, 모스카토 로제","40,000",sitem.ssgcdn.com/54/04/49/item/1000051490454_i1_290.jpg
[레드와인] 파트라슈 부르고뉴 피노누아,"39,800",sitem.ssgcdn.com/24/74/19/item/1000051197424_i1_290.jpg
[레드와인] 페폴리 끼안티 클라시코,"30,900",sitem.ssgcdn.com/23/42/11/item/1000054114223_i1_290.jpg
[레드와인] 트리벤토 리저브 카버네쇼비뇽 750ml,"23,800",sitem.ssgcdn.com/00/65/89/item/1000380896500_i1_290.jpg
몽페라 스페셜 셀렉션,"18,000",sitem.ssgcdn.com/63/67/43/item/1000518436763_i1_290.jpg
"[매장픽업] 파스쿠아, 프리잔떼 뀌베 넘버 5 (스파클링와인)","51,000",sitem.ssgcdn.com/30/31/77/item/1000051773130_i1_290.jpg
"[매장픽업] 샤토 쉬드로, 라이온즈 드 쉬드로","85,000",sitem.ssgcdn.com/09/17/39/item/1000216391709_i1_290.jpg
[매장픽업] 샤또 라 라귄 2017,"165,000",sitem.ssgcdn.com/55/26/37/item/1000226372655_i1_290.jpg
칸티 브라케토 핑크 에디션 750mL,"26,800",sitem.ssgcdn.com/12/80/39/item/1000049398012_i1_290.jpg
지디 바이라 모스카토 다스티 750mL,"34,800",sitem.ssgcdn.com/12/80/39/item/1000049398012_i2_290.jpg
패시지 캘리포니아 진판델 750mL,"18,700",sitem.ssgcdn.com/27/20/28/item/1000540282027_i1_290.jpg
[레드와인] 페르소나 논 그라타 2020,"19,800",sitem.ssgcdn.com/52/17/24/item/1000085241752_i1_290.jpg
[매장픽업] 비에티 모스카토 다스티,"62,000",sitem.ssgcdn.com/17/69/43/item/1000555436917_i1_290.jpg
[레드와인] 우드브릿지 까베르네 쇼비뇽,"19,800",sitem.ssgcdn.com/13/47/76/item/1000549764713_i1_290.jpg
"[매장픽업] 샤토 마이에, 샤토 뷰 샹트카유 (레드와인)","112,000",sitem.ssgcdn.com/16/60/36/item/1000555366016_i1_290.jpg
[매장픽업]  이기갈 꼬뜨 뒤 론 루즈 (레드와인),"56,000",sitem.ssgcdn.com/00/36/78/item/1000529783600_i1_290.jpg
"[매장픽업] 그라함, 20년 토니 포트 (포트와인)","280,000",sitem.ssgcdn.com/36/59/03/item/1000045035936_i1_290.jpg
발혼도 리제르바 까바 브뤼 나뛰르 750mL,"19,900",sitem.ssgcdn.com/18/72/34/item/1000554347218_i1_290.jpg
비나다 템프라니요 로제 논알콜 와인 750ml 비알콜 샴페인 임산부 와인,"37,610",sitem.ssgcdn.com/91/76/19/item/1000051197691_i1_290.jpg
[매장픽업] 코노 수르 토코르날 샤도네이 (화이트와인),"24,000",sitem.ssgcdn.com/30/05/80/item/1000044800530_i1_290.jpg
[레드와인] 페데리코 파테니나 레세르바,"16,800",sitem.ssgcdn.com/30/76/36/item/1000049367630_i1_290.jpg
[매장픽업]  에로이카 리슬링(화이트와인),"75,000",sitem.ssgcdn.com/30/76/36/item/1000049367630_i2_290.jpg
[화이트와인] 라 뀌베 미티크 루즈,"19,900",sitem.ssgcdn.com/09/93/68/item/1000556689309_i1_290.jpg
프리마 파베 무알콜 스파클링 와인 750ml 로즈 브뤼트,"44,840",sitem.ssgcdn.com/50/65/60/item/1000541606550_i1_290.jpg
운두라가 알리웬 까베르네소비뇽 메를로,"13,000",sitem.ssgcdn.com/17/95/00/item/1000051009517_i1_290.jpg
울프 블라스 레드라벨 쉬라즈,"17,000",sitem.ssgcdn.com/14/08/95/item/1000227950814_i1_290.jpg
"[매장픽업] 찰스 하이직, 로제 리저브 (샴페인)","125,000",sitem.ssgcdn.com/46/54/69/item/1000043695446_i1_290.jpg
[매장픽업] 코노수르 싱글빈야드 시라 (레드와인),"60,000",sitem.ssgcdn.com/73/54/37/item/1000208375473_i1_290.jpg
[매장픽업] 베린저 메인앤바인 샤르도네,"22,000",sitem.ssgcdn.com/42/20/19/item/1000549192042_i1_290.jpg
코노수르 20배럴 까베르네소비뇽 750mL,"59,900",sitem.ssgcdn.com/60/19/81/item/1000227811960_i1_290.jpg
[매장픽업] 파 니엔테 샤도네이,"250,000",sitem.ssgcdn.com/15/74/13/item/1000065137415_i1_290.jpg
[레드와인] G7 리저브 까르미네르,"15,000",sitem.ssgcdn.com/88/03/18/item/1000051180388_i1_290.jpg
[매장픽업] 시데랄,"52,000",sitem.ssgcdn.com/88/03/18/item/1000051180388_i2_290.jpg
[레드와인] 타라파카 그란 까르미네르,"18,800",sitem.ssgcdn.com/59/83/79/item/1000044798359_i1_290.jpg
[매장픽업] 샤또 디쌍 2013,"203,000",sitem.ssgcdn.com/48/40/36/item/1000064364048_i1_290.jpg
[매장픽업] 간치아 브라께또 다뀌 DOCG,"25,000",sitem.ssgcdn.com/90/22/43/item/1000555432290_i1_290.jpg
[매장픽업] 코노수르 토코르날 까베르네 소비뇽 (레드와인),"24,000",sitem.ssgcdn.com/90/68/58/item/1000531586890_i1_290.jpg
[매장픽업] 로쉐마제 까베르네 소비뇽,"25,000",sitem.ssgcdn.com/54/24/85/item/1000220852454_i1_290.jpg
[레드와인] 비비 그라츠 테스타마타 2019,"128,000",sitem.ssgcdn.com/86/73/57/item/1000065577386_i1_290.jpg
코노수르 20배럴 피노누아 750mL,"59,900",sitem.ssgcdn.com/21/53/00/item/1000553005321_i1_290.jpg
"[매장픽업] 루이 미쉘, 샤블리 1er Cru 몬테 드 토네르 375ml (화이트와인)","84,000",sitem.ssgcdn.com/38/30/19/item/1000282193038_i1_290.jpg
[레드와인] 파라벤트,"19,800",sitem.ssgcdn.com/60/87/29/item/1000068298760_i1_290.jpg
뷰 마넨 레세르바 말벡,"14,800",sitem.ssgcdn.com/46/93/00/item/1000051009346_i1_290.jpg
[매장픽업]  몰리두커 블루아이드 보이,"70,000",sitem.ssgcdn.com/42/16/99/item/1000276991642_i1_290.jpg
[매장픽업]  샤또 생 미셸 인디언 웰스 메를로(레드와인),"54,000",sitem.ssgcdn.com/12/75/20/item/1000563207512_i1_290.jpg
지디 바이라 랑게 로쏘,"22,000",sitem.ssgcdn.com/85/60/86/item/1000227866085_i1_290.jpg
세인트 할렛 페이스 쉬라즈,"19,800",sitem.ssgcdn.com/29/51/74/item/1000335745129_i1_290.jpg
[매장픽업] 빌라 안티노리 키안티 클라시코 리제르바,"60,000",sitem.ssgcdn.com/91/94/55/item/1000520559491_i1_290.jpg
샤또 드 라보르드 오뜨 꼬뜨 드 뉘 피노누아 케이 750mL,"29,000",sitem.ssgcdn.com/80/96/69/item/1000556699680_i1_290.jpg
[화이트와인] 타라파카 그란 레세르바 샤르도네,"18,800",sitem.ssgcdn.com/16/53/00/item/1000553005316_i1_290.jpg
[매장픽업] 찰스 하이직 블랑 데 밀레네르 2007,"552,000",sitem.ssgcdn.com/41/46/55/item/1000059554641_i1_290.jpg
★[와인선물세트]운두라가 싱글빈야드 까쇼 + CC 그랑 쉬라,"60,600",sitem.ssgcdn.com/41/46/55/item/1000059554641_i2_290.jpg
이기갈 꼬뜨 뒤 론 루즈 750mL,"27,000",sitem.ssgcdn.com/61/29/38/item/1000525382961_i1_290.jpg
스칼리올라 프리모 피오레 모스카토 다스티 750mL,"25,000",sitem.ssgcdn.com/20/26/76/item/1000549762620_i1_290.jpg
[매장픽업]  샤또 깡뜨메를르 2017,"114,000",sitem.ssgcdn.com/14/91/43/item/1000555439114_i1_290.jpg
[매장픽업] 샤또드샤미레 메르퀴레 레드(레드와인),"79,000",sitem.ssgcdn.com/60/83/57/item/1000289578360_i1_290.jpg
[매장픽업] 샤또 뻬데스끌로 13 (레드와인),"153,000",sitem.ssgcdn.com/34/30/94/item/1000043943034_i1_290.jpg
[매장픽업] 이기갈 꼬뜨 로띠 1500ml (레드와인),"345,000",sitem.ssgcdn.com/34/30/94/item/1000043943034_i2_290.jpg
[레드와인] 에피카 레드,"9,900",sitem.ssgcdn.com/60/24/43/item/1000051432460_i1_290.jpg
[매장픽업] 샤또 글로리아 2013 (레드와인),"136,000",sitem.ssgcdn.com/03/88/11/item/1000051118803_i1_290.jpg
[매장픽업] 루이 로드레 컬렉션 242,"195,000",sitem.ssgcdn.com/76/58/15/item/1000053155876_i1_290.jpg
프리마 파베 무알콜 스파클링 와인 750ml 블랑 드 블랑,"44,830",sitem.ssgcdn.com/25/63/40/item/1000051406325_i1_290.jpg
[매장픽업] 폴 자불레 꼬뜨 뒤 론 빠할레 45 블랑,"38,000",sitem.ssgcdn.com/83/22/49/item/1000319492283_i1_290.jpg
[스파클링] 도츠 브륏 클라식 NV,"118,000",sitem.ssgcdn.com/38/17/19/item/1000549191738_i1_290.jpg
사그라도 엘 페데르날 말벡,"85,000",sitem.ssgcdn.com/16/01/80/item/1000050800116_i1_290.jpg
더 나파 레드,"26,800",sitem.ssgcdn.com/27/36/12/item/1000049123627_i1_290.jpg
[레드와인] 코노 피노누아,"24,800",sitem.ssgcdn.com/01/64/60/item/1000209606401_i1_290.jpg
엠 샤푸티에 꼬뜨 뒤 루시옹 빌라쥐,"22,000",sitem.ssgcdn.com/54/13/29/item/1000308291354_i1_290.jpg
한 피노누아,"28,800",sitem.ssgcdn.com/44/04/49/item/1000051490444_i1_290.jpg
[매장픽업] 앙드레 끌루에 샹파뉴 초키,"162,000",sitem.ssgcdn.com/05/46/40/item/1000211404605_i1_290.jpg
[매장픽업] 뵈브 클리코 로제,"120,000",sitem.ssgcdn.com/31/64/62/item/1000248626431_i1_290.jpg
지디 바이라 알베 바롤로 750mL,"70,000",sitem.ssgcdn.com/81/76/68/item/1000380687681_i1_290.jpg
[매장픽업] 로쉐마제 피노누아,"27,000",sitem.ssgcdn.com/45/92/62/item/1000514629245_i1_290.jpg
[레드와인] 카를로 사니 프리미티도 디 만두리아 2020,"29,800",sitem.ssgcdn.com/52/80/76/item/1000549768052_i1_290.jpg
[레드와인] 쿠네 리오하 크리안자,"22,000",sitem.ssgcdn.com/82/17/17/item/1000331171782_i1_290.jpg
[레드와인] 트리벤토 골든리저브 말벡 750ml,"29,800",sitem.ssgcdn.com/45/67/43/item/1000518436745_i1_290.jpg
JP 슈네 스파클링 로제 750mL,"15,000",sitem.ssgcdn.com/32/58/15/item/1000053155832_i1_290.jpg
[매장픽업] 몬텔레나 나파 밸리 샤도네이,"265,000",sitem.ssgcdn.com/06/17/39/item/1000216391706_i1_290.jpg
[매장픽업] 모엣 & 샹동 임페리얼 브뤼 1500ml,"182,000",sitem.ssgcdn.com/56/08/53/item/1000549530856_i1_290.jpg
[매장픽업] 그라함 40년 토니 포트 (레드와인),"468,000",sitem.ssgcdn.com/80/53/86/item/1000063865380_i1_290.jpg
[매장픽업] 프루노토 바롤로,"150,000",sitem.ssgcdn.com/34/81/86/item/1000380868134_i1_290.jpg
레큐아 타우니 포트 750mL,"19,800",sitem.ssgcdn.com/61/92/33/item/1000542339261_i1_290.jpg
[매장픽업]  펜폴즈 맥스 쉬라즈(레드와인),"49,000",sitem.ssgcdn.com/23/98/28/item/1000049289823_i1_290.jpg
운두라가 싱글빈야드 까베르네소비뇽,"24,800",sitem.ssgcdn.com/39/77/43/item/1000555437739_i1_290.jpg
[매장픽업] 베린저 메인앤바인 메를로,"22,000",sitem.ssgcdn.com/66/92/69/item/1000048699266_i1_290.jpg
레코다 까바 브뤼 750mL,"13,900",sitem.ssgcdn.com/01/05/64/item/1000161640501_i1_290.jpg
[매장픽업] 몬테스 알파 블랙 까버네 소비뇽,"78,000",sitem.ssgcdn.com/79/35/36/item/1000064363579_i1_290.jpg
[레드와인] 펜폴즈 로손 리트리트 까버네쇼비뇽,"25,000",sitem.ssgcdn.com/09/79/44/item/1000555447909_i1_290.jpg
패시지 캘리포니아 샤도네이 750mL,"18,700",sitem.ssgcdn.com/58/85/31/item/1000530318558_i1_290.jpg
[매장픽업] 폴 자불레 꼬뜨 뒤 론 빠할레45 루즈,"38,000",sitem.ssgcdn.com/59/09/53/item/1000051530959_i1_290.jpg
[레드와인] 임페리얼 리오하 리제르바,"99,000",sitem.ssgcdn.com/10/06/60/item/1000543600610_i1_290.jpg
베린저 메인앤바인 까베르네 소비뇽,"19,800",sitem.ssgcdn.com/37/34/78/item/1000055783437_i1_290.jpg
스칼리올라 파르팔레 모스카토 다스티 750mL,"25,000",sitem.ssgcdn.com/23/58/15/item/1000053155823_i1_290.jpg
그랜드 나파 까베르네 쇼비뇽,"125,000",sitem.ssgcdn.com/54/25/82/item/1000063822554_i1_290.jpg
[매장픽업]  지아코모 콘테르노 바롤로 리제르바 몽포르티노,"2,800,000",sitem.ssgcdn.com/00/62/44/item/1000555446200_i1_290.jpg
칸티나 테를란 샤도네이 750mL,"25,000",sitem.ssgcdn.com/65/63/59/item/1000248596365_i1_290.jpg
[레드와인] 엠 샤푸티에 라 시부아즈 꼬스띠에 드 님,"18,000",sitem.ssgcdn.com/54/73/88/item/1000376887354_i1_290.jpg
알마 모라 시라,"13,800",sitem.ssgcdn.com/33/22/69/item/1000556692233_i1_290.jpg
[레드와인] 프레스코발디 레몰레 로쏘,"24,000",sitem.ssgcdn.com/37/58/15/item/1000053155837_i1_290.jpg
[매장픽업] 코노수르 레세르바 샤도네이 (화이트와인),"40,000",sitem.ssgcdn.com/63/09/55/item/1000209550963_i1_290.jpg
[레드와인] 나파바이나파 마이클스 레드블렌드,"29,800",sitem.ssgcdn.com/34/33/61/item/1000065613334_i1_290.jpg
스칼리올라 지오코 피오레 750mL,"19,900",sitem.ssgcdn.com/36/14/01/item/1000051011436_i1_290.jpg
울프 블라스 레드라벨 까베르네,"17,000",sitem.ssgcdn.com/49/11/46/item/1000051461149_i1_290.jpg
투핸즈 벨라스 가든 750mL,"95,000",sitem.ssgcdn.com/26/74/12/item/1000555127426_i1_290.jpg
까테나 자파타 안젤리카 자파타 말벡 750mL,"85,000",sitem.ssgcdn.com/64/73/13/item/1000065137364_i1_290.jpg
"[매장픽업]  뱅상 지라르댕, 상트네 1erCru 르 보르가르 (레드와인)","132,000",sitem.ssgcdn.com/34/53/59/item/1000543595334_i1_290.jpg
[매장픽업]  컨버트(레드와인),"60,000",sitem.ssgcdn.com/17/08/43/item/1000543430817_i1_290.jpg
[매장픽업] 돈나푸가타 안띨리아,"50,000",sitem.ssgcdn.com/37/80/33/item/1000049338037_i1_290.jpg
[매장픽업] 파 니엔테 니켈 트루차드 샤도네이,"185,000",sitem.ssgcdn.com/86/94/69/item/1000048699486_i1_290.jpg
[매장픽업] 도멘 생 미셸 엑스트라 드라이,"36,000",sitem.ssgcdn.com/15/08/64/item/1000522640815_i1_290.jpg
[레드와인] 사가 알 쌩떼밀리옹,"49,800",sitem.ssgcdn.com/83/49/60/item/1000531604983_i1_290.jpg
[매장픽업] 다우 파인 토니 포트,"42,000",sitem.ssgcdn.com/95/80/31/item/1000068318095_i1_290.jpg
투핸즈 더 보이 리슬링 750mL,"40,000",sitem.ssgcdn.com/34/39/71/item/1000524713934_i1_290.jpg
[매장픽업] 마르께스 데 까사 콘차 메를로,"45,000",sitem.ssgcdn.com/47/52/57/item/1000048575247_i1_290.jpg
[매장픽업] 메달라 말벡,"47,000",sitem.ssgcdn.com/51/44/70/item/1000556704451_i1_290.jpg
JP 슈네 딜리셔스 화이트 750mL,"14,000",sitem.ssgcdn.com/94/25/30/item/1000082302594_i1_290.jpg
[매장픽업] 우우,"15,000",sitem.ssgcdn.com/86/50/25/item/1000082255086_i1_290.jpg
[매장픽업] 몬테스 알파 메를로,"57,000",sitem.ssgcdn.com/08/92/51/item/1000549519208_i1_290.jpg
[매장픽업] 코노수르 싱글빈야드 까베르네소비뇽 (레드와인),"60,000",sitem.ssgcdn.com/33/09/63/item/1000529630933_i1_290.jpg
뷰 마넨 레세르바 까베르네 소비뇽,"14,800",sitem.ssgcdn.com/39/12/32/item/1000530321239_i1_290.jpg
[매장픽업] 트림바크 게브르츠트라미너(화이트와인),"60,000",sitem.ssgcdn.com/43/46/20/item/1000043204643_i1_290.jpg
"[매장픽업] 뱅상 지라르댕, 슈발리에 몽라셰 그랑 크뤼 (화이트와인)","2,100,000",sitem.ssgcdn.com/11/37/14/item/1000527143711_i1_290.jpg
[화이트 와인] 크로닉 셀라 스프리츠 앤 기글스,"39,800",sitem.ssgcdn.com/77/45/95/item/1000043954577_i1_290.jpg
운두라가 싱글빈야드 까르미네르,"24,800",sitem.ssgcdn.com/77/45/95/item/1000043954577_i2_290.jpg
[레드와인] 35 사우스 리제르바 까르미네르,"24,000",sitem.ssgcdn.com/56/84/33/item/1000049338456_i1_290.jpg
[매장픽업] 이기갈 꼬뜨 뒤 론 루즈 1500ml (레드와인),"94,000",sitem.ssgcdn.com/79/93/11/item/1000051119379_i1_290.jpg
일 팔라지오 웬 위 댄스,"29,000",sitem.ssgcdn.com/51/49/75/item/1000290754951_i1_290.jpg
"[매장픽업] 라 까우드리나, 라 셀바티카 소녀 아스티 375ml","25,000",sitem.ssgcdn.com/91/75/50/item/1000294507591_i1_290.jpg
페로13 해쉬태그,"24,000",sitem.ssgcdn.com/42/72/65/item/1000220657242_i1_290.jpg
일 팔라지오 뉴 데이 로사토,"29,000",sitem.ssgcdn.com/44/49/75/item/1000290754944_i1_290.jpg
"[매장픽업]  마이펫, 쇼비뇽 블랑 (화이트와인)","32,000",sitem.ssgcdn.com/27/44/62/item/1000063624427_i1_290.jpg
[레드와인] 리라 그랑 레세르바 까베르네소비뇽,"19,800",sitem.ssgcdn.com/28/42/11/item/1000054114228_i1_290.jpg
AY 보르도 인기와인세트,"150,000",sitem.ssgcdn.com/94/14/52/item/1000445521494_i1_290.jpg
[매장픽업] 프레스코발디 카스텔지오콘도 로쏘 디 몬탈치노,"77,000",sitem.ssgcdn.com/47/26/57/item/1000066572647_i1_290.jpg
[매장픽업] 파 니엔테 나파밸리 카버네 소비뇽,"440,000",sitem.ssgcdn.com/22/82/58/item/1000531588222_i1_290.jpg
보테가 논알콜 와인맛 음료 스파클링 화이트 750ml,"29,790",sitem.ssgcdn.com/16/65/60/item/1000541606516_i1_290.jpg
[매장픽업] 와인메이커스 시리즈 쉬라즈,"31,000",sitem.ssgcdn.com/60/90/23/item/1000082239060_i1_290.jpg
[레드와인] 마주앙 캘리포니아,"15,800",sitem.ssgcdn.com/30/17/62/item/1000217621730_i1_290.jpg
[스파클링] 샤를 도떼일 샴페인 브륏,"49,800",sitem.ssgcdn.com/07/84/70/item/1000238708407_i1_290.jpg
[매장픽업]  엠 샤푸티에 바케라스(레드와인),"55,000",sitem.ssgcdn.com/03/11/65/item/1000043651103_i1_290.jpg
운드라가 알리웬 까버네쇼비뇽 까르미네르,"13,000",sitem.ssgcdn.com/50/19/81/item/1000227811950_i1_290.jpg
[매장픽업] 빌라 안나베르타 아마로네(레드와인),"200,000",sitem.ssgcdn.com/88/10/27/item/1000049271088_i1_290.jpg
[매장픽업] 코노수르 20배럴 피노누아,"94,000",sitem.ssgcdn.com/79/64/75/item/1000318756479_i1_290.jpg
[레드와인] SR)시에라깐따브리아 끄리안자,"19,800",sitem.ssgcdn.com/04/90/10/item/1000228109004_i1_290.jpg
앙드레 끌루에 상파뉴 실버 브뤼 750mL,"65,000",sitem.ssgcdn.com/86/97/77/item/1000556779786_i1_290.jpg
[매장픽업] 비비도르,"26,000",sitem.ssgcdn.com/51/76/44/item/1000063447651_i1_290.jpg
투핸즈 릴리스 가든 750mL,"95,000",sitem.ssgcdn.com/23/48/59/item/1000543594823_i1_290.jpg
페로13 너드,"19,800",sitem.ssgcdn.com/87/26/68/item/1000220682687_i1_290.jpg
폰세카 10년 숙성 타우니 750mL,"75,000",sitem.ssgcdn.com/79/08/60/item/1000543600879_i1_290.jpg
[레드와인] 펜폴즈 로손 리트리트 콜렉션 쉬라즈,"19,800",sitem.ssgcdn.com/42/25/83/item/1000049832542_i1_290.jpg
폰토디 끼안티 클라시코 DOCG 750mL,"45,000",sitem.ssgcdn.com/18/85/43/item/1000555438518_i1_290.jpg
쓰리 핑거 잭 럼베럴 레드,"31,100",sitem.ssgcdn.com/96/35/59/item/1000248593596_i1_290.jpg
[매장픽업] 그란 메달라 말벡,"80,000",sitem.ssgcdn.com/49/85/24/item/1000082248549_i1_290.jpg
[레드와인] 핀카 라스 모라스 레세르바 말벡,"16,800",sitem.ssgcdn.com/70/86/14/item/1000053148670_i1_290.jpg
할란 이스테이트,"4,500,000",sitem.ssgcdn.com/77/91/86/item/1000043869177_i1_290.jpg
[매장픽업] 맥스 리제르바 까베르네소비뇽(레드와인),"44,000",sitem.ssgcdn.com/07/90/26/item/1000049269007_i1_290.jpg
[매장픽업] 윌리엄 페브르 샤블리,"93,000",sitem.ssgcdn.com/32/06/89/item/1000530890632_i1_290.jpg
[매장픽업] 울프 블라스 이글호크 쉬라즈,"24,000",sitem.ssgcdn.com/92/76/56/item/1000066567692_i1_290.jpg
[매장픽업] 그라함 나뚜라 리저브 (레드와인),"50,000",sitem.ssgcdn.com/60/07/34/item/1000542340760_i1_290.jpg
[매장픽업] 덕혼 디코이 피노누아,"107,000",sitem.ssgcdn.com/83/13/73/item/1000289731383_i1_290.jpg
[레드와인] 엠 샤푸티에 라 시부아즈 뤼브롱(트래디션),"19,000",sitem.ssgcdn.com/33/94/49/item/1000051499433_i1_290.jpg
[매장픽업] 이기갈 지공다스 (레드와인),"94,000",sitem.ssgcdn.com/83/99/86/item/1000043869983_i1_290.jpg
톨라이니 레짓 IGT 750mL,"46,900",sitem.ssgcdn.com/49/28/44/item/1000555442849_i1_290.jpg
[매장픽업] 펜폴즈 쿠능가 힐 쉬라즈,"32,000",sitem.ssgcdn.com/86/01/10/item/1000143100186_i1_290.jpg
[매장픽업] 엠 샤푸티에 지공다스,"67,000",sitem.ssgcdn.com/37/21/27/item/1000082272137_i1_290.jpg
[레드와인] 산타리타 메달야레알 까르메네,"34,800",sitem.ssgcdn.com/66/58/15/item/1000053155866_i1_290.jpg
[매장픽업] 폰토디 끼안티 클라시코 그랑 셀레지오네 DOCG,"180,000",sitem.ssgcdn.com/39/25/85/item/1000519852539_i1_290.jpg
케익브레드 까베르네 소비뇽 750mL,"168,000",sitem.ssgcdn.com/15/02/59/item/1000543590215_i1_290.jpg
"[매장픽업] 텍스트북, 나파 샤도네이","69,000",sitem.ssgcdn.com/21/31/10/item/1000328103121_i1_290.jpg
모아나 팍 에스테이트 말보로 피노누아,"22,000",sitem.ssgcdn.com/42/94/35/item/1000057359442_i1_290.jpg
[매장픽업] 플라네타 샤도네이,"94,000",sitem.ssgcdn.com/06/29/08/item/1000066082906_i1_290.jpg
안나 스피나토 고세 디 루나 무알콜 스파클링 유기농 와인 750ml 논알콜 임산부 와인,"29,640",sitem.ssgcdn.com/36/70/60/item/1000541607036_i1_290.jpg
브라운 브라더스 와인메이커스 쉬라즈,"24,800",sitem.ssgcdn.com/62/94/58/item/1000248589462_i1_290.jpg
[매장픽업] 루이 로드레 크리스탈 브륏,"1,185,000",sitem.ssgcdn.com/15/41/49/item/1000319494115_i1_290.jpg
델라모뜨 브륏 750mL,"79,000",sitem.ssgcdn.com/89/58/53/item/1000549535889_i1_290.jpg
"[매장픽업] 샴페인 보드리, 뀌베 헤리티지 브륏","85,000",sitem.ssgcdn.com/83/27/34/item/1000540342783_i1_290.jpg
얄리 레세르바 피노,"25,800",sitem.ssgcdn.com/46/73/57/item/1000238577346_i1_290.jpg
[매장픽업] 파 니엔테 니켈 수스콜 랜치 멀롯,"200,000",sitem.ssgcdn.com/36/73/59/item/1000531597336_i1_290.jpg
"[매장픽업] 그라함, 30년 토니 포트 (포트와인)","312,000",sitem.ssgcdn.com/91/80/81/item/1000043818091_i1_290.jpg
[매장픽업] 돈나푸가타 벤 리에 (375ml),"130,000",sitem.ssgcdn.com/91/80/81/item/1000043818091_i2_290.jpg
애둘레이션 까베르네 소비뇽 750mL,"15,000",sitem.ssgcdn.com/43/83/13/item/1000530138343_i1_290.jpg
[레드와인] 델리카토 날리헤드 까버네쇼비뇽,"29,800",sitem.ssgcdn.com/16/35/43/item/1000555433516_i1_290.jpg
페로13 해커,"19,800",sitem.ssgcdn.com/21/43/46/item/1000051464321_i1_290.jpg
에피카 까베르네 소비뇽,"16,000",sitem.ssgcdn.com/40/99/66/item/1000220669940_i1_290.jpg
[레드와인] 투바인 까버네쇼비뇽,"27,800",sitem.ssgcdn.com/25/56/06/item/1000211065625_i1_290.jpg
[매장픽업] 프리마크 아비 샤르도네(화이트와인),"150,000",sitem.ssgcdn.com/63/24/59/item/1000227592463_i1_290.jpg
[매장픽업] 샤또 라스꼼브 2019,"270,000",sitem.ssgcdn.com/35/60/84/item/1000043846035_i1_290.jpg
더 나파 샤르도네,"26,800",sitem.ssgcdn.com/35/60/84/item/1000043846035_i2_290.jpg
[매장픽업] 앙드레 끌루에 상파뉴 밀레짐,"150,000",sitem.ssgcdn.com/64/85/26/item/1000455268564_i1_290.jpg
[레드와인] 우드브릿지 피노누아,"19,800",sitem.ssgcdn.com/83/16/29/item/1000308291683_i1_290.jpg
[매장픽업]  마르셀 다이스 알자스 컴플렌테이션,"70,000",sitem.ssgcdn.com/11/59/98/item/1000411985911_i1_290.jpg
[매장픽업] 루피노 끼안티,"30,000",sitem.ssgcdn.com/21/72/34/item/1000554347221_i1_290.jpg
베린저 메인앤바인 메를로,"16,800",sitem.ssgcdn.com/61/98/01/item/1000260019861_i1_290.jpg
"[매장픽업] 찰스 하이직, 브륏 리저브 1.5L (샴페인)","311,000",sitem.ssgcdn.com/09/34/78/item/1000055783409_i1_290.jpg
[매장픽업] 몬테스 알파 카르메네르,"57,000",sitem.ssgcdn.com/37/31/82/item/1000063823137_i1_290.jpg
[매장픽업] 카모미 나파 밸리 샤도네이,"63,000",sitem.ssgcdn.com/80/69/18/item/1000051186980_i1_290.jpg
[매장픽업] 베라짜노 키안티 클라시코(레드와인),"60,000",sitem.ssgcdn.com/80/69/18/item/1000051186980_i2_290.jpg
"[매장픽업] 네이키드, 소비뇽 블랑","33,000",sitem.ssgcdn.com/61/29/32/item/1000530322961_i1_290.jpg
몬테칠로 크리안자,"29,600",sitem.ssgcdn.com/54/67/86/item/1000063866754_i1_290.jpg
"[매장픽업] 텍스트북, 나파 소비뇽 블랑","69,000",sitem.ssgcdn.com/74/67/84/item/1000043846774_i1_290.jpg
"[매장픽업] 발데리즈, 로블","30,000",sitem.ssgcdn.com/74/67/84/item/1000043846774_i2_290.jpg
본테라 카베르네소비뇽,"32,000",sitem.ssgcdn.com/01/93/27/item/1000540279301_i1_290.jpg
[매장픽업] 로버트 몬다비 프라이빗 셀렉션 까베르네 소비뇽 2019,"52,000",sitem.ssgcdn.com/31/78/18/item/1000211187831_i1_290.jpg
[매장픽업] 베린저 나파밸리 메를로,"120,000",sitem.ssgcdn.com/54/77/10/item/1000328107754_i1_290.jpg
[매장픽업] 쌩 클레어 오마카 리저브 샤도네이,"60,000",sitem.ssgcdn.com/28/25/97/item/1000048972528_i1_290.jpg
[매장픽업] 샤토 생 미셸 콜드 크릭 샤르도네,"72,000",sitem.ssgcdn.com/45/47/14/item/1000101144745_i1_290.jpg
[매장픽업] 배드 보이 샤르도네(화이트와인),"55,000",sitem.ssgcdn.com/42/01/70/item/1000048700142_i1_290.jpg
[매장픽업] 트라피체 핀카 라스 피에드라스 리미티드 에디션(레드와인),"79,000",sitem.ssgcdn.com/33/88/64/item/1000043648833_i1_290.jpg
케익브레드 소비뇽 블랑 750mL,"70,000",sitem.ssgcdn.com/43/21/77/item/1000549772143_i1_290.jpg
[레드와인] 까르멘 그랑 리져브 까르미네르750ml,"32,800",sitem.ssgcdn.com/61/76/11/item/1000216117661_i1_290.jpg
[레드와인] 콜럼비아 크레스트 투바인 쉬라즈,"27,800",sitem.ssgcdn.com/82/24/59/item/1000227592482_i1_290.jpg
장 미셸 기불로 사비니 레 본 루즈 750mL,"50,000",sitem.ssgcdn.com/36/02/81/item/1000556810236_i1_290.jpg
[스파클링] 앙드레 끌루에 드림 빈티지2014,"89,000",sitem.ssgcdn.com/41/75/20/item/1000563207541_i1_290.jpg
[매장픽업] 샤또 꼬 데스뚜르넬 2013,"555,000",sitem.ssgcdn.com/48/28/26/item/1000455262848_i1_290.jpg
[매장픽업]  샤또 까망삭13 (레드와인),"126,000",sitem.ssgcdn.com/20/11/41/item/1000051411120_i1_290.jpg
[매장픽업] 스트라디바리우스 골드,"180,000",sitem.ssgcdn.com/06/38/42/item/1000147423806_i1_290.jpg
"[매장픽업] 블랜디스 마데이라, 듀크 오브 클라렌스 3년 (주정강화와인)","42,000",sitem.ssgcdn.com/28/64/36/item/1000049366428_i1_290.jpg
[매장픽업] 까테나 자파타 아르헨티노 말벡,"330,000",sitem.ssgcdn.com/28/64/36/item/1000049366428_i2_290.jpg
시에라 칸따브리아 그란 리제르바,"59,000",sitem.ssgcdn.com/34/98/85/item/1000519859834_i1_290.jpg
[매장픽업] 샤토 생 미셸 인디언 웰스 샤르도네,"54,000",sitem.ssgcdn.com/18/90/10/item/1000228109018_i1_290.jpg
샤토 생 미셸 인디언 웰스 메를로,"69,000",sitem.ssgcdn.com/13/19/15/item/1000101151913_i1_290.jpg
[매장픽업] 샤토 드 트레시,"80,000",sitem.ssgcdn.com/98/55/06/item/1000211065598_i1_290.jpg
[매장픽업] 돈 막시미아노(레드와인),"300,000",sitem.ssgcdn.com/55/97/41/item/1000169419755_i1_290.jpg
[매장픽업]  마르셀 다이스 리크비르,"77,000",sitem.ssgcdn.com/40/34/58/item/1000043583440_i1_290.jpg
"까네스트룩, 네그레","15,000",sitem.ssgcdn.com/40/34/58/item/1000043583440_i2_290.jpg
[스파클링] 앙드레 끌루에 드림 빈티지 2009,"89,000",sitem.ssgcdn.com/29/68/01/item/1000260016829_i1_290.jpg
들라스 크로즈 에르미따쥐 레드,"44,800",sitem.ssgcdn.com/25/79/59/item/1000248597925_i1_290.jpg
[매장픽업] 미켈레 끼아를로 가비 레 마르네 DOCG,"45,000",sitem.ssgcdn.com/31/75/20/item/1000563207531_i1_290.jpg
[매장픽업] 라 크레마 몬터레이 샤도네이,"72,000",sitem.ssgcdn.com/04/64/62/item/1000238626404_i1_290.jpg
메나쥬 아 트로와 버번 배럴 카베르네 소비뇽,"56,000",sitem.ssgcdn.com/51/50/65/item/1000294655051_i1_290.jpg
[레드와인] 산타캐롤리나 파밀리아 리제르바 까버네소비뇽,"35,800",sitem.ssgcdn.com/80/76/81/item/1000556817680_i1_290.jpg
[매장픽업] 메종 넘버나인 로제,"69,000",sitem.ssgcdn.com/23/39/71/item/1000524713923_i1_290.jpg
[매장픽업] 카멜로드 카베르네 소비뇽,"39,000",sitem.ssgcdn.com/28/61/15/item/1000053156128_i1_290.jpg
[매장픽업] 샤또 브란 깡뜨냑 2017,"240,000",sitem.ssgcdn.com/39/64/55/item/1000521556439_i1_290.jpg
"[매장픽업]  뱅상 지라르댕, 샤샤뉴 몽라셰 1er Cru 레 쇼메 2017 (화이트와인)","540,000",sitem.ssgcdn.com/39/64/55/item/1000521556439_i2_290.jpg
[매장픽업] 글로리오소 리오하 크리안자(레드와인),"80,000",sitem.ssgcdn.com/09/28/55/item/1000520552809_i1_290.jpg
스택스 립 와인 셀라 핸즈 오브 타임 샤도네이 750mL,"72,000",sitem.ssgcdn.com/57/33/02/item/1000412023357_i1_290.jpg
"[매장픽업] 샴페인 보몽, 그랑 뮈니에 엑스트라 브륏","99,000",sitem.ssgcdn.com/50/82/33/item/1000049338250_i1_290.jpg
[레드와인] 밸리 플로우 쉬라즈,"38,000",sitem.ssgcdn.com/06/64/85/item/1000043856406_i1_290.jpg
[레드와인] 들라스 지공다스 레드,"79,800",sitem.ssgcdn.com/06/64/85/item/1000043856406_i2_290.jpg
"[매장픽업] 찰스하이직, 블랑 드 블랑 (샴페인)","145,000",sitem.ssgcdn.com/84/13/78/item/1000556781384_i1_290.jpg
"[매장픽업] 뱅상 지라르댕, 푸이 퓌세 비에유 비뉴 (화이트와인)","100,000",sitem.ssgcdn.com/11/60/34/item/1000540346011_i1_290.jpg
[매장픽업] 샹동 브룻,"77,000",sitem.ssgcdn.com/11/75/20/item/1000563207511_i1_290.jpg
AY 쿠네세트,"110,000",sitem.ssgcdn.com/24/42/11/item/1000054114224_i1_290.jpg
크루즈 포트 10년,"100,000",sitem.ssgcdn.com/84/83/88/item/1000054888384_i1_290.jpg
빌꺄르 살몽 브륏 나뛰르 750mL,"142,000",sitem.ssgcdn.com/84/83/88/item/1000054888384_i2_290.jpg
[매장픽업] 몬테스 알파 블랙 소비뇽 블랑,"78,000",sitem.ssgcdn.com/23/86/33/item/1000049338623_i1_290.jpg
뻬스께라 크리안자 750mL,"44,800",sitem.ssgcdn.com/44/70/69/item/1000380697044_i1_290.jpg
[매장픽업] 라로쉬 샤블리 생마르탱(화이트와인),"83,000",sitem.ssgcdn.com/89/04/45/item/1000445450489_i1_290.jpg
[매장픽업] 투핸즈 섹시 비스트 (레드와인),"74,000",sitem.ssgcdn.com/74/15/33/item/1000563331574_i1_290.jpg
[매장픽업] 스크리밍 이글  더 플라이트,"3,700,000",sitem.ssgcdn.com/06/24/58/item/1000543582406_i1_290.jpg
[매장픽업] 윌리엄 페브르 샤블리 프리미에크뤼 바이용,"160,000",sitem.ssgcdn.com/82/91/31/item/1000530319182_i1_290.jpg
[레드와인] 란 크리안자,"29,800",sitem.ssgcdn.com/60/43/80/item/1000556804360_i1_290.jpg
[매장픽업] 폰토디 끼안티 클라시코 DOCG,"94,000",sitem.ssgcdn.com/81/72/78/item/1000043787281_i1_290.jpg
[레드와인] 에스트렐라그랑리저브까버네,"15,000",sitem.ssgcdn.com/28/67/79/item/1000044796728_i1_290.jpg
[매장픽업] 짐 배리 랏지힐 쉬라즈,"60,000",sitem.ssgcdn.com/65/98/95/item/1000556959865_i1_290.jpg
[매장픽업] 펜폴즈 빈 407 카베르네 소비뇽,"204,000",sitem.ssgcdn.com/96/08/89/item/1000530890896_i1_290.jpg
[매장픽업]  샤또 시트랑 13,"77,000",sitem.ssgcdn.com/08/92/26/item/1000052269208_i1_290.jpg
[매장픽업] 마시 캄포피오린(레드와인),"65,000",sitem.ssgcdn.com/56/61/53/item/1000317536156_i1_290.jpg
메나데 노쏘,"50,000",sitem.ssgcdn.com/18/58/15/item/1000053155818_i1_290.jpg
"[매장픽업] 안셀미 산 빈센죠,베네토","36,000",sitem.ssgcdn.com/47/52/58/item/1000048585247_i1_290.jpg
울프 블라스 옐로라벨 까베르네 소비뇽,"24,800",sitem.ssgcdn.com/95/51/08/item/1000143085195_i1_290.jpg
[매장픽업] 몬테스 알파 말벡,"57,000",sitem.ssgcdn.com/02/26/43/item/1000051432602_i1_290.jpg
[레드와인] 산펠리체 끼안티 클라시코,"42,800",sitem.ssgcdn.com/11/22/79/item/1000043792211_i1_290.jpg
[매장픽업] FLV 뀌베 프리베 샤또 라포리 페라게,"246,000",sitem.ssgcdn.com/66/98/86/item/1000043869866_i1_290.jpg
[매장픽업] 몬테스 알파 엠,"268,000",sitem.ssgcdn.com/40/64/62/item/1000294626440_i1_290.jpg
[매장픽업] 토이메이커 (레드와인),"550,000",sitem.ssgcdn.com/99/32/29/item/1000227293299_i1_290.jpg
일 팔라지오 카지노 델레 비에,"79,000",sitem.ssgcdn.com/06/53/32/item/1000530325306_i1_290.jpg
[매장픽업] 양가라 쉬라즈(레드와인),"120,000",sitem.ssgcdn.com/00/62/26/item/1000049266200_i1_290.jpg
[매장픽업] 펜폴즈 빈 311 샤르도네,"85,000",sitem.ssgcdn.com/41/50/97/item/1000556975041_i1_290.jpg
[매장픽업] 샴페인 팔머 블랑 드 블랑,"300,000",sitem.ssgcdn.com/30/24/04/item/1000532042430_i1_290.jpg
[매장픽업] 파고 아일레스 세렌디피아 샤르도네,"30,000",sitem.ssgcdn.com/24/03/38/item/1000049380324_i1_290.jpg
[매장픽업] 몬텔레나 이스테이트 카버네 소비뇽,"480,000",sitem.ssgcdn.com/24/03/38/item/1000049380324_i2_290.jpg
[매장픽업] 올드 진판델 바인 레드 블렌드,"50,000",sitem.ssgcdn.com/53/49/75/item/1000290754953_i1_290.jpg
[매장픽업] 마셀 드 샹제 샤름 샹베르땅 그랑 크뤼,"680,000",sitem.ssgcdn.com/95/29/27/item/1000049272995_i1_290.jpg
[매장픽업] 덕혼 디코이 리미티드 소노마 코스트 샤도네이,"138,000",sitem.ssgcdn.com/21/79/07/item/1000143077921_i1_290.jpg
[매장픽업] 마헨들 그뤼너 펠트리너 페더슈필,"60,000",sitem.ssgcdn.com/84/11/03/item/1000520031184_i1_290.jpg
[매장픽업] 베르테네 에 피스 몽타니 프리미에 크뤼 비에이 비뉴 2019,"68,000",sitem.ssgcdn.com/98/35/63/item/1000529633598_i1_290.jpg
[매장픽업] 몬텔레나 나파 밸리 카버네 소비뇽,"250,000",sitem.ssgcdn.com/43/95/33/item/1000530339543_i1_290.jpg
울프 블라스 옐로라벨 쉬라즈,"24,800",sitem.ssgcdn.com/00/84/58/item/1000048588400_i1_290.jpg
[매장픽업]  마르셀 다이스 리보빌레,"77,000",sitem.ssgcdn.com/91/63/69/item/1000529696391_i1_290.jpg
[레드와인] 페라톤 프레르베르디 꼬뜨 뒤 론 빌라주 루즈,"39,800",sitem.ssgcdn.com/78/64/13/item/1000530136478_i1_290.jpg
케익브레드 투 크릭 피노누아 750mL,"110,000",sitem.ssgcdn.com/72/54/08/item/1000066085472_i1_290.jpg
일 팔라지오 메세지 인 어 바틀 로쏘,"24,000",sitem.ssgcdn.com/72/54/08/item/1000066085472_i2_290.jpg
"[매장픽업] 비온디  산티, BdM DOCG 리제르바 1997 (레드와인)","2,460,000",sitem.ssgcdn.com/11/64/08/item/1000417086411_i1_290.jpg
[매장픽업] 마르케제 안티노리 키안티 클라시코 리제르바,"120,000",sitem.ssgcdn.com/04/07/56/item/1000520560704_i1_290.jpg
[매장픽업] 오시앙,"105,000",sitem.ssgcdn.com/06/09/75/item/1000063750906_i1_290.jpg
[매장픽업]  브리갈다라 소아베,"44,000",sitem.ssgcdn.com/81/57/04/item/1000260045781_i1_290.jpg
[매장픽업] CSR 더 아톰 세트,"100,000",sitem.ssgcdn.com/47/53/41/item/1000525415347_i1_290.jpg
[매장픽업] 덕혼 디코이 리미티드 나파 레드,"138,000",sitem.ssgcdn.com/66/67/13/item/1000530136766_i1_290.jpg
AY 라 마스코타2본 세트,"120,000",sitem.ssgcdn.com/79/48/46/item/1000445464879_i1_290.jpg
[매장픽업] AY 블라블라 세트,"80,000",sitem.ssgcdn.com/86/55/55/item/1000445555586_i1_290.jpg
"[매장픽업] 까사노바 디 네리, 로쏘 디 몬탈치노","50,000",sitem.ssgcdn.com/04/26/05/item/1000264052604_i1_290.jpg
[레드와인] 우드브릿지 메를로,"19,800",sitem.ssgcdn.com/20/72/34/item/1000554347220_i1_290.jpg
[스파클링]샹파뉴 루이 니케즈 브륏 로제,"89,000",sitem.ssgcdn.com/36/75/20/item/1000563207536_i1_290.jpg
[매장픽업] 까테나 자파타 까테나 알타 말벡,"150,000",sitem.ssgcdn.com/34/87/85/item/1000519858734_i1_290.jpg
[매장픽업] 샹파뉴 그롱네 (스페셜 클럽) 2014,"140,000",sitem.ssgcdn.com/93/44/06/item/1000417064493_i1_290.jpg
[매장픽업] 폴 당장 트레디시옹 밀레짐,"110,000",sitem.ssgcdn.com/07/01/47/item/1000520470107_i1_290.jpg
[매장픽업] 라 크레마 소노마 코스트 피노누아,"112,000",sitem.ssgcdn.com/38/25/82/item/1000556822538_i1_290.jpg
"[매장픽업] 마이클 몬다비 패밀리, `스펠바운드` 샤도네이","40,000",sitem.ssgcdn.com/21/02/75/item/1000063750221_i1_290.jpg
[매장픽업] 라 크레마 몬터레이 피노누아,"82,000",sitem.ssgcdn.com/99/07/82/item/1000556820799_i1_290.jpg
[매장픽업] 프레스코발디 니포짜노 끼안티 리제르바,"76,000",sitem.ssgcdn.com/80/13/57/item/1000066571380_i1_290.jpg
[매장픽업] 케이머스 메르-솔레이 샤도네이,"89,000",sitem.ssgcdn.com/64/45/30/item/1000531304564_i1_290.jpg
"[매장픽업] 도멘 베르나르 바이에뜨, 뉘앙스 드 그레 (화이트와인)","198,000",sitem.ssgcdn.com/75/62/33/item/1000049336275_i1_290.jpg
[매장픽업] 마셀 드 샹제 본 로마네,"350,000",sitem.ssgcdn.com/75/62/33/item/1000049336275_i2_290.jpg
앙또냉귀용 꼬뜨드본 빌라쥐,"64,800",sitem.ssgcdn.com/76/85/78/item/1000531788576_i1_290.jpg
[매장픽업] 케이머스 에멀로 멀롯,"170,000",sitem.ssgcdn.com/74/46/58/item/1000238584674_i1_290.jpg
[매장픽업] 도미누스 에스테이트 2012,"1,275,000",sitem.ssgcdn.com/28/57/31/item/1000531315728_i1_290.jpg
[매장픽업] 투핸즈 가든 시리즈 세트,"900,000",sitem.ssgcdn.com/90/34/22/item/1000455223490_i1_290.jpg
[매장픽업] 바넷 래틀스네이크 카버네 소비뇽,"650,000",sitem.ssgcdn.com/72/95/32/item/1000455329572_i1_290.jpg
"[매장픽업] 비온디  산티, BdM DOCG 리제르바 2006 (레드와인)","1,980,000",sitem.ssgcdn.com/72/95/32/item/1000455329572_i2_290.jpg
"[매장픽업] 아리에타, 메를로 허드슨 빈야드","210,000",sitem.ssgcdn.com/90/49/35/item/1000530354990_i1_290.jpg
샹파뉴 루이 뒤몽 750mL,"39,900",sitem.ssgcdn.com/63/13/37/item/1000049371363_i1_290.jpg
[매장픽업] 코폴라-다이아몬드 컬렉션 샤르도네,"40,000",sitem.ssgcdn.com/63/13/37/item/1000049371363_i2_290.jpg
일 팔라지오 시스터문,"99,000",sitem.ssgcdn.com/64/90/34/item/1000540349064_i1_290.jpg
AY 디아블로 2본 세트,"70,000",sitem.ssgcdn.com/70/23/78/item/1000556782370_i1_290.jpg
"[매장픽업] 안셀미, 카피텔리,베네토 375ml (화이트와인)","72,000",sitem.ssgcdn.com/78/55/60/item/1000529605578_i1_290.jpg
[매장픽업] 다우 40년 숙성 토니 포트,"550,000",sitem.ssgcdn.com/54/49/75/item/1000290754954_i1_290.jpg
[매장픽업] 쉐이퍼 TD-9,"261,000",sitem.ssgcdn.com/48/71/33/item/1000445337148_i1_290.jpg
[매장픽업] 케이머스 스페셜 셀렉션,"605,000",sitem.ssgcdn.com/70/40/11/item/1000051114070_i1_290.jpg
[매장픽업] CSR 라 루나 세트,"100,000",sitem.ssgcdn.com/70/40/11/item/1000051114070_i2_290.jpg
[매장픽업] 덕혼 쓰리 팜스 멀롯,"380,000",sitem.ssgcdn.com/47/15/81/item/1000556811547_i1_290.jpg
[매장픽업] 샤또 뒤크뤼 보까이유 2017,"728,000",sitem.ssgcdn.com/07/55/85/item/1000519855507_i1_290.jpg
[매장픽업] 돈나푸가타 벨아사이,"56,000",sitem.ssgcdn.com/06/91/29/item/1000531299106_i1_290.jpg
[매장픽업] FLV 뀌베 프리베 샤또 레오빌 푸아페레,"374,000",sitem.ssgcdn.com/27/73/41/item/1000525417327_i1_290.jpg
[매장픽업] 도멘 뿌스도르 볼네 1er 끌로 데 60 우브레 2013,"305,000",sitem.ssgcdn.com/95/97/78/item/1000531789795_i1_290.jpg
[매장픽업] 지디 바이라 알베 바롤로 (레드와인),"119,000",sitem.ssgcdn.com/22/28/25/item/1000147252822_i1_290.jpg
[매장픽업] 샤또 라퐁 로쉐 2017,"180,000",sitem.ssgcdn.com/20/87/13/item/1000530138720_i1_290.jpg
[매장픽업] 무가 꼰데 데  아로,"80,000",sitem.ssgcdn.com/87/07/96/item/1000556960787_i1_290.jpg
[레드와인] 칼리테라 디에스티엔토,"30,000",sitem.ssgcdn.com/62/48/94/item/1000518944862_i1_290.jpg
투핸즈 브레이브 페이스 750mL,"40,000",sitem.ssgcdn.com/88/07/87/item/1000043870788_i1_290.jpg
[매장픽업] 드라피에 까르뜨 도르 브륏,"169,000",sitem.ssgcdn.com/54/85/00/item/1000412008554_i1_290.jpg
[매장픽업] 더 페데럴리스트 카베르네 소비뇽,"150,000",sitem.ssgcdn.com/07/20/63/item/1000529632007_i1_290.jpg
[매장픽업] 다우 20년 토니 포트,"180,000",sitem.ssgcdn.com/26/69/41/item/1000205416926_i1_290.jpg
[매장픽업] 투핸즈 러브 오버 골드 쉬라즈,"660,000",sitem.ssgcdn.com/79/12/69/item/1000556691279_i1_290.jpg
[매장픽업] 비에티 바르바레스코 크뤼 마세리아,"330,000",sitem.ssgcdn.com/82/01/30/item/1000418300182_i1_290.jpg
[매장픽업] 흐무와스네 샤블리 2019,"99,000",sitem.ssgcdn.com/51/21/57/item/1000520572151_i1_290.jpg
베린저 큐 나파 밸리,"170,000",sitem.ssgcdn.com/24/75/64/item/1000289647524_i1_290.jpg
케익브레드 메를로 750mL,"130,000",sitem.ssgcdn.com/99/68/70/item/1000510706899_i1_290.jpg
[매장픽업] FLV 뀌베 프리베 샤또 보르가르,"246,000",sitem.ssgcdn.com/51/90/99/item/1000531999051_i1_290.jpg
[매장픽업] 도멘 토프노 메름 모레 생 드니 1er 라  리오뜨 2017,"300,000",sitem.ssgcdn.com/69/93/84/item/1000519849369_i1_290.jpg
"[매장픽업] 피오 체사레, 랑게 소비뇽","45,000",sitem.ssgcdn.com/92/60/61/item/1000402616092_i1_290.jpg
[매장픽업] 샤또 랭쉬 바쥬 17,"449,000",sitem.ssgcdn.com/97/91/76/item/1000549769197_i1_290.jpg
[매장픽업] 장 미셸 기불로 사비니 레 본 루즈 17,"80,000",sitem.ssgcdn.com/21/27/96/item/1000556962721_i1_290.jpg
"[매장픽업] 도우 와인, 샤도네이","49,000",sitem.ssgcdn.com/66/25/94/item/1000518942566_i1_290.jpg
[매장픽업]  장 마크 브로카 샤블리 발뮈르 그랑크뤼,"185,000",sitem.ssgcdn.com/97/97/13/item/1000328139797_i1_290.jpg
[매장픽업] 안젤리카 자파타 말벡,"135,000",sitem.ssgcdn.com/98/50/10/item/1000066105098_i1_290.jpg
[매장픽업] 까테나 자파타 니카시아 빈야드 말벡,"330,000",sitem.ssgcdn.com/60/83/56/item/1000066568360_i1_290.jpg
까테나 자파타 안젤리카 자파타 까베르네소비뇽 750mL,"80,000",sitem.ssgcdn.com/63/98/27/item/1000540279863_i1_290.jpg
[매장픽업] 맥스 리제르바 시라(레드와인),"44,000",sitem.ssgcdn.com/60/78/42/item/1000376427860_i1_290.jpg
[매장픽업] 덕혼 메를로,"192,000",sitem.ssgcdn.com/38/10/86/item/1000519861038_i1_290.jpg
"[매장픽업] 로쉬 드 벨렌, 제브레 샹베르탱 비에이 비뉴 (레드와인)","186,000",sitem.ssgcdn.com/97/94/85/item/1000519859497_i1_290.jpg
[매장픽업]  도멘 아미요 기 에 필스 샤샤뉴-몽라셰 비에이 비뉴,"210,000",sitem.ssgcdn.com/74/12/41/item/1000543411274_i1_290.jpg
투핸즈 사만다스 가든 750mL,"95,000",sitem.ssgcdn.com/23/75/26/item/1000049267523_i1_290.jpg
[매장픽업] 라 크레마 러시안리버밸리 샤도네이,"117,000",sitem.ssgcdn.com/41/68/69/item/1000529696841_i1_290.jpg
[매장픽업] 리파 마그나 코르비나,"150,000",sitem.ssgcdn.com/27/53/33/item/1000049335327_i1_290.jpg
투핸즈 맥스 가든 750mL,"95,000",sitem.ssgcdn.com/27/53/33/item/1000049335327_i2_290.jpg
무가 셀렉션 레세르바,"71,800",sitem.ssgcdn.com/64/66/82/item/1000376826664_i1_290.jpg
[매장픽업] 덕혼 디코이 스파클링,"83,000",sitem.ssgcdn.com/16/62/59/item/1000543596216_i1_290.jpg
[매장픽업] 바넷 나파 멀롯,"270,000",sitem.ssgcdn.com/90/67/64/item/1000522646790_i1_290.jpg
"[매장픽업] 도멘 자우메, 비네아 나뚜라 (레드와인)","132,000",sitem.ssgcdn.com/49/89/61/item/1000082618949_i1_290.jpg
"[매장픽업] 크룹 브라더스 에스테이트, 더 닥터","365,000",sitem.ssgcdn.com/10/17/80/item/1000556801710_i1_290.jpg
[매장픽업] 카바이 암포라 (화이트와인),"360,000",sitem.ssgcdn.com/97/31/60/item/1000238603197_i1_290.jpg
[매장픽업] [경기점특가]샤또 베이슈벨 2018,"510,000",sitem.ssgcdn.com/45/82/64/item/1000522648245_i1_290.jpg
[매장픽업] 덕혼 디코이 소비뇽 블랑,"83,000",sitem.ssgcdn.com/00/37/35/item/1000530353700_i1_290.jpg
[매장픽업] 앙드레 끌루에 상파뉴 브뤼 로제,"145,000",sitem.ssgcdn.com/31/10/99/item/1000411991031_i1_290.jpg
[매장픽업] 도미누스 에스테이트 2016,"1,425,000",sitem.ssgcdn.com/21/91/21/item/1000455219121_i1_290.jpg
[매장픽업] 카이켄 테루아 시리즈 토론테스,"39,000",sitem.ssgcdn.com/72/52/26/item/1000531265272_i1_290.jpg
[매장픽업] 투핸즈 더 보이 리슬링,"74,000",sitem.ssgcdn.com/90/71/53/item/1000317537190_i1_290.jpg
[매장픽업] 코노수르 20배럴 샤도네이,"94,000",sitem.ssgcdn.com/53/59/75/item/1000318755953_i1_290.jpg
[매장픽업] 라 크레마 소노마 코스트 샤도네이,"90,000",sitem.ssgcdn.com/38/21/82/item/1000556822138_i1_290.jpg
일 팔라지오 디에치,"159,000",sitem.ssgcdn.com/56/49/75/item/1000290754956_i1_290.jpg
"[매장픽업] 핀카 바카라, 예야","25,000",sitem.ssgcdn.com/07/70/25/item/1000328257007_i1_290.jpg
[매장픽업] 비에티 바롤로 크뤼 체레퀴오,"700,000",sitem.ssgcdn.com/47/86/45/item/1000530458647_i1_290.jpg
"[매장픽업] 갤리카, 오크빌 까베르네 소비뇽(레드와인)","396,000",sitem.ssgcdn.com/69/44/86/item/1000055864469_i1_290.jpg
[매장픽업] 샹파뉴 그롱네 블랑 드 누아,"94,000",sitem.ssgcdn.com/69/44/86/item/1000055864469_i2_290.jpg
[매장픽업] 락베어 클레어밸리 리슬링,"75,000",sitem.ssgcdn.com/49/17/52/item/1000317521749_i1_290.jpg
[매장픽업] 킴 크로포드 샤도네이,"55,000",sitem.ssgcdn.com/51/00/54/item/1000520540051_i1_290.jpg
[매장픽업] 몬테스 퍼플 앤젤,"268,000",sitem.ssgcdn.com/00/50/58/item/1000531585000_i1_290.jpg
[매장픽업] 다나 에스테이트 바소 카베르네 소비뇽,"299,000",sitem.ssgcdn.com/55/28/04/item/1000532042855_i1_290.jpg
[매장픽업] CSR 아톰 세트,"100,000",sitem.ssgcdn.com/83/35/50/item/1000420503583_i1_290.jpg
[스파클링] 샹파뉴 루이니케즈 브륏 리저브,"89,000",sitem.ssgcdn.com/47/80/30/item/1000446308047_i1_290.jpg
"[매장픽업] 리버 팜, 소비뇽 블랑","35,000",sitem.ssgcdn.com/37/75/20/item/1000563207537_i1_290.jpg
[매장픽업] 샴페인 베세라 드 벨퐁 블루 브뤼,"150,000",sitem.ssgcdn.com/34/16/28/item/1000540281634_i1_290.jpg
[매장픽업] 비에티 바롤로 카스틸리오네,"170,000",sitem.ssgcdn.com/67/05/65/item/1000522650567_i1_290.jpg
[매장픽업] 비에티 바롤로 크뤼 라자리토,"700,000",sitem.ssgcdn.com/41/67/37/item/1000530376741_i1_290.jpg
[매장픽업] 요리오(레드와인),"47,000",sitem.ssgcdn.com/22/35/45/item/1000530453522_i1_290.jpg
"[매장픽업] 피오 체사레, 랑게 네비올로","63,000",sitem.ssgcdn.com/99/59/80/item/1000043805999_i1_290.jpg
[매장픽업] 덕혼 디코이 레드,"107,000",sitem.ssgcdn.com/33/38/13/item/1000328133833_i1_290.jpg
[매장픽업] 맥스 리제르바 까르미네르(레드와인),"44,000",sitem.ssgcdn.com/58/61/13/item/1000530136158_i1_290.jpg
[매장픽업]  장 끌로 베상 샤블리 발뮈르 그랑크뤼,"210,000",sitem.ssgcdn.com/68/91/26/item/1000049269168_i1_290.jpg
[매장픽업] 더 페데럴리스트 버번 배럴 카베르네 소비뇽,"150,000",sitem.ssgcdn.com/60/42/82/item/1000376824260_i1_290.jpg
[매장픽업] 더 페데럴리스트 샤르도네,"150,000",sitem.ssgcdn.com/32/34/57/item/1000520573432_i1_290.jpg
[매장픽업] 꿀리뒤떼이 레 샹또 (화이트와인),"50,000",sitem.ssgcdn.com/11/31/57/item/1000520573111_i1_290.jpg
[매장픽업] 클라우디 베이 테 와히,"270,000",sitem.ssgcdn.com/20/46/34/item/1000542344620_i1_290.jpg
[매장픽업] 그르기치 멀롯,"170,000",sitem.ssgcdn.com/37/09/63/item/1000514630937_i1_290.jpg
[매장픽업] 파 니엔테 니켈 브랜딩 아이론 카버네 소비뇽,"340,000",sitem.ssgcdn.com/16/31/79/item/1000531793116_i1_290.jpg
[매장픽업] 라 네르트 꼬뜨 뒤 론 빌라쥬 루즈 레 까산느,"60,000",sitem.ssgcdn.com/26/57/59/item/1000531595726_i1_290.jpg
[매장픽업] 투핸즈 날리 듀즈,"74,000",sitem.ssgcdn.com/85/95/13/item/1000530139585_i1_290.jpg
[매장픽업] 펜폴즈 빈 389 카베르네 쉬라즈,"337,000",sitem.ssgcdn.com/71/43/33/item/1000455334371_i1_290.jpg
[매장픽업] 셀리에 데 프린스 꼬뜨뒤론 셀렉션 블랑,"29,000",sitem.ssgcdn.com/33/18/08/item/1000143081833_i1_290.jpg
[매장픽업] 기겡 쁘띠 샤블리 21,"66,000",sitem.ssgcdn.com/71/64/56/item/1000520566471_i1_290.jpg
라포데리나 브루넬로 디 몬탈치노 레세르바 포지오 아바떼,"180,000",sitem.ssgcdn.com/19/16/93/item/1000518931619_i1_290.jpg
[매장픽업] 안젤리카 자파타 까베르네 소비뇽,"119,000",sitem.ssgcdn.com/54/64/62/item/1000238626454_i1_290.jpg
[매장픽업] 루피노 모두스,"150,000",sitem.ssgcdn.com/89/02/55/item/1000327550289_i1_290.jpg
[매장픽업] 고세 그랑 로제 브륏(스파클링와인),"280,000",sitem.ssgcdn.com/76/48/31/item/1000530314876_i1_290.jpg
[매장픽업]  샤또 오 바따이에 2013,"150,000",sitem.ssgcdn.com/28/49/60/item/1000043604928_i1_290.jpg
[매장픽업]  앙리 흐북소 샹베르땅 그랑크뤼,"1,350,000",sitem.ssgcdn.com/06/62/57/item/1000289576206_i1_290.jpg
[매장픽업] 파 니엔테 니켈 JC 슐랜저 까베르네 소비뇽,"320,000",sitem.ssgcdn.com/28/42/26/item/1000376264228_i1_290.jpg
[매장픽업] 다우 30년 토니 포트,"330,000",sitem.ssgcdn.com/63/16/58/item/1000048581663_i1_290.jpg
"[매장픽업] 피오 체사레, 랄트로 샤도네이","45,000",sitem.ssgcdn.com/92/85/64/item/1000289648592_i1_290.jpg
[매장픽업]  도멘 알베르 만 게뷔르츠트라미너 푸르스템툰 그랑 크뤼,"155,000",sitem.ssgcdn.com/46/84/12/item/1000328128446_i1_290.jpg
[매장픽업] 킴 크로포드 피노 그리,"55,000",sitem.ssgcdn.com/92/83/74/item/1000373748392_i1_290.jpg
[매장픽업] 스택스 립 와인 셀라 카리아 샤도네이 2018,"152,000",sitem.ssgcdn.com/69/55/58/item/1000531585569_i1_290.jpg
[매장픽업] CSR 투썩점퍼 세트,"70,000",sitem.ssgcdn.com/44/37/25/item/1000455253744_i1_290.jpg
[매장픽업] 차카나 아이니 말벡 (레드와인),"54,000",sitem.ssgcdn.com/12/76/41/item/1000525417612_i1_290.jpg
"[매장픽업] 도우 와인, 오레곤 피노 누아","49,000",sitem.ssgcdn.com/88/37/40/item/1000542403788_i1_290.jpg
[매장픽업] 도멘 벨렌 본 로마네 1er 레 수쇼 2017,"445,000",sitem.ssgcdn.com/98/02/28/item/1000540280298_i1_290.jpg
[매장픽업] 에스쿠도 로호 오리진(레드와인),"120,000",sitem.ssgcdn.com/46/65/94/item/1000518946546_i1_290.jpg
[매장픽업] 로버트오틀리 페넌트 샤르도네 (화이트와인),"132,000",sitem.ssgcdn.com/37/71/27/item/1000049277137_i1_290.jpg
"[매장픽업]  사무엘 빌로, 샤블리 부그로 그랑크뤼","240,000",sitem.ssgcdn.com/94/08/35/item/1000542350894_i1_290.jpg
[매장픽업] 쉐이퍼 레드 숄더 랜치 샤도네이,"228,000",sitem.ssgcdn.com/48/34/84/item/1000376843448_i1_290.jpg
[매장픽업] 와비 사비 그뤼너 펠트리너,"72,000",sitem.ssgcdn.com/77/52/85/item/1000519855277_i1_290.jpg
[매장픽업] 라 가르딘 생 조셉 (레드와인),"60,000",sitem.ssgcdn.com/32/95/52/item/1000317529532_i1_290.jpg
[매장픽업] 피에르 지모네 로제 드 블랑 프리미에 크뤼 NV,"155,000",sitem.ssgcdn.com/77/62/34/item/1000542346277_i1_290.jpg
"[매장픽업] 피오 체사레, 바르바레스코 일 브리꼬","169,000",sitem.ssgcdn.com/01/47/85/item/1000520854701_i1_290.jpg
[매장픽업] 샤또 깡뜨냑 브라운 2013,"173,000",sitem.ssgcdn.com/42/35/23/item/1000328233542_i1_290.jpg
[매장픽업] 코폴라 아르키메데스,"240,000",sitem.ssgcdn.com/50/56/80/item/1000343805650_i1_290.jpg
[매장픽업] 수마로카 보리아 (레드와인),"59,000",sitem.ssgcdn.com/17/98/95/item/1000523959817_i1_290.jpg
"[매장픽업] 로버트 오틀리, 시그니처 소비뇽 블랑(화이트와인)","35,000",sitem.ssgcdn.com/84/18/54/item/1000541541884_i1_290.jpg
라브리넷 네그로,"49,000",sitem.ssgcdn.com/79/18/84/item/1000519841879_i1_290.jpg
"[매장픽업] 피오 체사레, 돌체토 달바","40,000",sitem.ssgcdn.com/61/79/17/item/1000250177961_i1_290.jpg
[매장픽업] 라 크레마 러시안 리버 밸리 피노누아,"142,000",sitem.ssgcdn.com/91/34/12/item/1000328123491_i1_290.jpg
[매장픽업] 까테나 자파타 까테나 알타 샤도네이,"150,000",sitem.ssgcdn.com/70/44/81/item/1000556814470_i1_290.jpg
"[매장픽업] 레이크 찰리스, 네스트 소비뇽 블랑","31,000",sitem.ssgcdn.com/46/90/85/item/1000519859046_i1_290.jpg
[매장픽업] 파 니엔테 니켈 독 레그 카버네 소비뇽,"340,000",sitem.ssgcdn.com/58/86/84/item/1000519848658_i1_290.jpg
[매장픽업] 랑메일 와틀브레 리슬링,"40,000",sitem.ssgcdn.com/17/67/59/item/1000531596717_i1_290.jpg
[매장픽업] 투핸즈 브레이브 페이스,"74,000",sitem.ssgcdn.com/73/95/13/item/1000520139573_i1_290.jpg
[매장픽업]  마르셀 다이스 알자스 루즈,"72,000",sitem.ssgcdn.com/00/93/33/item/1000455339300_i1_290.jpg
[매장픽업] 에스쿠도로호 바로네사 P,"200,000",sitem.ssgcdn.com/48/23/02/item/1000260022348_i1_290.jpg
[매장픽업] 이기갈 따벨 로제,"58,000",sitem.ssgcdn.com/74/60/49/item/1000520496074_i1_290.jpg
[매장픽업] 알파로 린제이 페이지 샤도네이,"111,000",sitem.ssgcdn.com/98/50/53/item/1000317535098_i1_290.jpg
[매장픽업] 빌라엠 골드(화이트와인),"44,000",sitem.ssgcdn.com/81/19/69/item/1000510691981_i1_290.jpg
[매장픽업] 로버트오틀리 포 인 핸드 시라즈 (레드와인),"41,000",sitem.ssgcdn.com/76/94/63/item/1000045639476_i1_290.jpg
몬테스 엔젤스 시크릿 샤르도네,"19,800",sitem.ssgcdn.com/76/94/63/item/1000045639476_i2_290.jpg
산들벗 좋은저녁석류 머루이야기 선물세트 750ml,"37,800",sitem.ssgcdn.com/13/43/95/item/1000576954313_i1_290.jpg
"[매장픽업] 75, 나파 소비뇽 블랑","40,000",sitem.ssgcdn.com/13/43/95/item/1000576954313_i2_290.jpg
[레드와인] 샤토 생 미셸 컬럼비아 밸리 메를로,"34,800",sitem.ssgcdn.com/55/12/88/item/1000167881255_i1_290.jpg
[화이트와인] G7 샤도네이,"7,900",sitem.ssgcdn.com/85/71/14/item/1000053147185_i1_290.jpg
[매장픽업] 미켈레 끼아를로 바르바레스코 아실리,"140,000",sitem.ssgcdn.com/54/44/11/item/1000054114454_i1_290.jpg
[매장픽업] 미켈레 끼아를로 바롤로 DOCG,"85,000",sitem.ssgcdn.com/98/36/23/item/1000064233698_i1_290.jpg
[매장픽업] CSR 도우 세트,"140,000",sitem.ssgcdn.com/09/90/57/item/1000431579009_i1_290.jpg
[화이트와인] 얄리 레세르바 까르미네르,"19,800",sitem.ssgcdn.com/12/29/36/item/1000446362912_i1_290.jpg
[매장픽업] 나파 셀라 까베르네 소비뇽(레드와인),"101,000",sitem.ssgcdn.com/44/42/11/item/1000054114244_i1_290.jpg
[매장픽업] 떼루뇨 카르미네르,"90,000",sitem.ssgcdn.com/52/59/69/item/1000043695952_i1_290.jpg
[매장픽업] CSR 핀카바카라 세트,"92,000",sitem.ssgcdn.com/11/88/29/item/1000082298811_i1_290.jpg
[매장픽업] 케이머스 메르-솔레이 실버,"76,000",sitem.ssgcdn.com/60/81/44/item/1000446448160_i1_290.jpg
"[매장픽업] 피오 체사레, 바르베라 달바 피데스","105,000",sitem.ssgcdn.com/74/77/30/item/1000531307774_i1_290.jpg
AY 칠카스 2본입 세트,"140,000",sitem.ssgcdn.com/59/85/22/item/1000328228559_i1_290.jpg
"[매장픽업]  샤토 드 상트네, 상트네 프리미에 크뤼 라 콤므","165,000",sitem.ssgcdn.com/43/70/45/item/1000445457043_i1_290.jpg
[화이트와인] 운두라가 싱글빈야드 소비뇽블랑,"24,800",sitem.ssgcdn.com/02/67/34/item/1000376346702_i1_290.jpg
AY 이탈리아 인기와인 세트,"200,000",sitem.ssgcdn.com/13/05/64/item/1000161640513_i1_290.jpg
[매장픽업] 에스프리 드 파비+오마쥬 뒤 론 지공다스 와인선물세트,"58,500",sitem.ssgcdn.com/48/56/43/item/1000445435648_i1_290.jpg
[스파클링] 간치아 모스까또 다스띠 DOCG,"16,800",sitem.ssgcdn.com/43/85/09/item/1000575098543_i1_290.jpg
톰슨 앤 스캇 Noughty 오가닉 스파클링 로즈 무알콜 와인 750ml 4개,"172,080",sitem.ssgcdn.com/80/59/15/item/1000053155980_i1_290.jpg
[매장픽업] 핀카 라스 모라스 레세르바 말벡(레드와인),"23,000",sitem.ssgcdn.com/79/94/26/item/1000531269479_i1_290.jpg
[매장픽업] 프레스코발디 레몰레 비앙코,"40,000",sitem.ssgcdn.com/01/61/65/item/1000043656101_i1_290.jpg
롱반 멀롯,"24,000",sitem.ssgcdn.com/11/06/57/item/1000066570611_i1_290.jpg
[매장픽업] 울프 블라스 이글호크 까베르네 소비뇽,"24,000",sitem.ssgcdn.com/03/06/22/item/1000043220603_i1_290.jpg
미티크 랑그독 블랑,"10,800",sitem.ssgcdn.com/29/45/56/item/1000066564529_i1_290.jpg
[매장픽업] 마니피코 푸오코 리제르바,"29,000",sitem.ssgcdn.com/20/14/34/item/1000208341420_i1_290.jpg
[매장픽업] 샤또 벨뷰 피작(레드와인),"160,000",sitem.ssgcdn.com/19/73/60/item/1000082607319_i1_290.jpg
[매장픽업] 만텔라시 사쏘 비앙코(화이트와인),"20,000",sitem.ssgcdn.com/95/31/94/item/1000043943195_i1_290.jpg
[매장픽업] 간치아 브뤼,"21,000",sitem.ssgcdn.com/95/31/94/item/1000043943195_i2_290.jpg
[매장픽업] 셀리에 데 프린스 꼬뜨뒤론 그랑리저브(레드와인),"45,000",sitem.ssgcdn.com/00/35/00/item/1000051003500_i1_290.jpg
[레드와인] 산펠리체 깜포지오 바니 브루넬로 디 몬탈치노,"99,000",sitem.ssgcdn.com/35/57/85/item/1000520855735_i1_290.jpg
[매장픽업] 마투아 말보로 소비뇽 블랑,"32,000",sitem.ssgcdn.com/75/10/85/item/1000043851075_i1_290.jpg
[매장픽업] 울프 블라스 이글호크 샤도네이,"24,000",sitem.ssgcdn.com/75/10/85/item/1000043851075_i2_290.jpg
까르페스 데 에고메이 크리안자 750mL,"19,900",sitem.ssgcdn.com/92/61/26/item/1000049266192_i1_290.jpg
[매장픽업] 유 원 프리미티보 만두리아,"25,000",sitem.ssgcdn.com/65/68/57/item/1000065576865_i1_290.jpg
[매장픽업] 울프 블라스 이글호크 스파클링 퀴베 브뤼,"24,000",sitem.ssgcdn.com/46/69/56/item/1000066566946_i1_290.jpg
"[매장픽업]  로쉬 드 벨렌, 부르고뉴 피노누아 퀴베 리저브 375ml (레드와인)","34,000",sitem.ssgcdn.com/47/84/80/item/1000556808447_i1_290.jpg
[매장픽업] 간치아 돌체,"20,000",sitem.ssgcdn.com/00/30/61/item/1000082613000_i1_290.jpg
[매장픽업] 몬테스 클래식 카버네 소비뇽,"28,000",sitem.ssgcdn.com/60/33/67/item/1000380673360_i1_290.jpg
[매장픽업] 그라함 더 토니 포트  (레드와인),"46,000",sitem.ssgcdn.com/71/43/13/item/1000051134371_i1_290.jpg
톰슨 앤 스캇 Noughty 스파클링 샤도네 무알콜 와인 750ml 4개 Chardonnay,"198,000",sitem.ssgcdn.com/71/43/13/item/1000051134371_i2_290.jpg
[화이트와인] 운두라가 싱글빈야드 샤도네이,"24,800",sitem.ssgcdn.com/54/61/85/item/1000520856154_i1_290.jpg
[매장픽업] 퍼플 오리지널 말벡,"31,000",sitem.ssgcdn.com/92/74/01/item/1000072017492_i1_290.jpg
[매장픽업] 베린저 메인앤바인 화이트 진판델,"22,000",sitem.ssgcdn.com/45/49/40/item/1000542404945_i1_290.jpg
슐로스 폴라즈 카비넷 라인가우,"45,000",sitem.ssgcdn.com/10/05/64/item/1000161640510_i1_290.jpg
[레드와인] 반피 긴목 티아라 로쏘 (스크류캡),"17,800",sitem.ssgcdn.com/67/34/78/item/1000055783467_i1_290.jpg
[매장픽업]  에스쿠도로호 카르메네르(레드와인),"27,000",sitem.ssgcdn.com/25/79/47/item/1000063477925_i1_290.jpg
[매장픽업] 베린저 메인앤바인 카베르네 소비뇽,"22,000",sitem.ssgcdn.com/66/36/40/item/1000407403666_i1_290.jpg
뛰느방 깔베 뀌베 꽁스땅스(레드와인),"30,000",sitem.ssgcdn.com/25/58/15/item/1000053155825_i1_290.jpg
[매장픽업] 샤또 테이시에 쌩떼밀리옹 그랑크뤼,"49,000",sitem.ssgcdn.com/48/23/95/item/1000043952348_i1_290.jpg
[매장픽업] 베린저 파운더스 카베르네 소비뇽,"34,000",sitem.ssgcdn.com/48/23/95/item/1000043952348_i2_290.jpg
[매장픽업] 도멘 생 미셸 브뤼,"36,000",sitem.ssgcdn.com/34/58/47/item/1000063475834_i1_290.jpg
[본점 외  8개 지점]모엣 & 샹동 로제 임페리얼 스파크 오브 라이트,"110,000",sitem.ssgcdn.com/95/26/65/item/1000043652695_i1_290.jpg
[매장픽업] 마르께스 데 까사 콘차 샤르도네,"45,000",sitem.ssgcdn.com/65/84/74/item/1000063748465_i1_290.jpg
[매장픽업] 수마로카 브륏 레제르바 (스파클링와인),"40,000",sitem.ssgcdn.com/17/54/75/item/1000063755417_i1_290.jpg
[레드와인] 콜롬비아크레스트 그랑 에스테이트 까버네쇼비뇽,"39,800",sitem.ssgcdn.com/00/48/31/item/1000068314800_i1_290.jpg
[매장픽업] 칸티 아스티 세코 DOCG,"32,000",sitem.ssgcdn.com/24/93/23/item/1000526239324_i1_290.jpg
[매장픽업] 생 클레어 비카스 초이스 소비뇽블랑 버블스,"40,000",sitem.ssgcdn.com/24/93/23/item/1000526239324_i2_290.jpg
"[매장픽업] 핀카 바카라, 로제","25,000",sitem.ssgcdn.com/83/55/30/item/1000082305583_i1_290.jpg
금용농산 미르아토 로제스파클링와인 5도 250ml,"7,000",sitem.ssgcdn.com/88/22/54/item/1000541542288_i1_290.jpg
"[매장픽업]  에밀리아나, 코얌 (레드와인)","55,000",sitem.ssgcdn.com/43/42/74/item/1000227744243_i1_290.jpg
[매장픽업] 코노수르 스파클링 브뤼,"48,000",sitem.ssgcdn.com/01/49/38/item/1000277384901_i1_290.jpg
[매장픽업] 몽제아 뮈네레 라 수페르브 꼬또 부르기뇽 19,"64,000",sitem.ssgcdn.com/48/67/19/item/1000043196748_i1_290.jpg
[매장픽업] 루이라뚜르 피노누아(레드와인),"80,000",sitem.ssgcdn.com/34/27/25/item/1000328252734_i1_290.jpg
"[매장픽업] 더 아톰, 샤도네이","20,000",sitem.ssgcdn.com/65/15/68/item/1000520681565_i1_290.jpg
[매장픽업] 레알 꼼빠니아 가르나차(레드와인),"25,000",sitem.ssgcdn.com/65/15/68/item/1000520681565_i2_290.jpg
[매장픽업]  루이자도 부르고뉴 피노누아,"77,000",sitem.ssgcdn.com/01/04/37/item/1000049370401_i1_290.jpg
[매장픽업]  루이자도 부르고뉴 샤도네이,"77,000",sitem.ssgcdn.com/01/04/37/item/1000049370401_i2_290.jpg
[레드와인] 콜럼비아 크레스트 투바인 메를로,"27,800",sitem.ssgcdn.com/04/69/86/item/1000043866904_i1_290.jpg
[매장픽업] 칸티 브라케토 핑크 에디션,"50,000",sitem.ssgcdn.com/70/41/09/item/1000066094170_i1_290.jpg
[매장픽업] 미안더 모스카토,"20,000",sitem.ssgcdn.com/97/82/84/item/1000043848297_i1_290.jpg
[매장픽업] 하디스 스탬프 쉬라즈 카베르네,"25,000",sitem.ssgcdn.com/97/82/84/item/1000043848297_i2_290.jpg
[매장픽업]  베린저 파운더스 메를로,"34,000",sitem.ssgcdn.com/97/60/21/item/1000169216097_i1_290.jpg
패시지 캘리포니아 까베르네 소비뇽 750mL,"18,700",sitem.ssgcdn.com/65/44/98/item/1000050984465_i1_290.jpg
[매장픽업] 마레농 베르상 수드,"37,000",sitem.ssgcdn.com/42/66/00/item/1000260006642_i1_290.jpg
[레드와인] 카르멘 그란 리쎄르바 카버네소비뇽,"32,800",sitem.ssgcdn.com/82/00/01/item/1000260010082_i1_290.jpg
[레드와인] 캐리커쳐,"28,000",sitem.ssgcdn.com/77/24/59/item/1000227592477_i1_290.jpg
[레드와인] 다렌버그 데드 암 쉬라즈 750ml,"65,000",sitem.ssgcdn.com/27/06/69/item/1000380690627_i1_290.jpg
"[매장픽업] 에밀리아나, 노바스 카베르네 소비뇽 (레드와인)","23,000",sitem.ssgcdn.com/04/11/67/item/1000277671104_i1_290.jpg
[매장픽업] 뻬레벤뚜라 트레저 애니버서리 그랑 레세르바 브륏,"55,000",sitem.ssgcdn.com/70/45/25/item/1000520254570_i1_290.jpg
[레드와인] 무가 레세르바,"60,800",sitem.ssgcdn.com/06/62/26/item/1000049266206_i1_290.jpg
니에푸르트 포타 루비,"35,800",sitem.ssgcdn.com/69/22/62/item/1000248622269_i1_290.jpg
"[매장픽업] 파올로 스카비노, 비노 로쏘","40,000",sitem.ssgcdn.com/70/07/97/item/1000048970770_i1_290.jpg
[매장픽업] 샤토 생 미셸 컬럼비아 밸리 샤르도네,"38,000",sitem.ssgcdn.com/27/94/15/item/1000104159427_i1_290.jpg
[매장픽업] 다우 파인 화이트 포트,"42,000",sitem.ssgcdn.com/47/40/81/item/1000556814047_i1_290.jpg
[레드와인] 이기갈 꼬뜨 뒤 론 루즈,"32,800",sitem.ssgcdn.com/60/04/49/item/1000051490460_i1_290.jpg
[매장픽업] 울프 블라스 옐로라벨 까베르네 소비뇽,"40,000",sitem.ssgcdn.com/31/64/21/item/1000063216431_i1_290.jpg
메이오미 피노누아,"96,000",sitem.ssgcdn.com/35/45/86/item/1000043864535_i1_290.jpg
[레드와인] 킬러맨스 런 쉬라즈,"34,800",sitem.ssgcdn.com/63/16/39/item/1000216391663_i1_290.jpg
라 트레멘다 모나스트렐,"19,800",sitem.ssgcdn.com/43/79/17/item/1000250177943_i1_290.jpg
[매장픽업] 몬테스 알파 시라,"66,000",sitem.ssgcdn.com/78/68/33/item/1000530336878_i1_290.jpg
[매장픽업] 마투아 와인메이커스 릴리즈 소비뇽 블랑,"40,000",sitem.ssgcdn.com/45/67/57/item/1000065576745_i1_290.jpg
[매장픽업] 트림바크 리슬링,"50,000",sitem.ssgcdn.com/24/28/47/item/1000520472824_i1_290.jpg
[매장픽업] 몬테스 알파 샤도네이,"57,000",sitem.ssgcdn.com/38/73/33/item/1000530337338_i1_290.jpg
[레드와인] 메나쥬 아 트로와 미드나잇 레드,"43,000",sitem.ssgcdn.com/37/86/49/item/1000051498637_i1_290.jpg
[매장픽업]  로 조콜라이오 바롤로 DOCG,"99,000",sitem.ssgcdn.com/91/31/00/item/1000260003191_i1_290.jpg
[매장픽업] 에스탕동 리플렛,"40,000",sitem.ssgcdn.com/69/36/55/item/1000327553669_i1_290.jpg
[레드와인] 사가 알 뽀이약,"65,000",sitem.ssgcdn.com/31/39/71/item/1000524713931_i1_290.jpg
[매장픽업] 샤또 생 미셸 콜드 크릭 까베르네 소비뇽(레드와인),"83,000",sitem.ssgcdn.com/91/74/64/item/1000043647491_i1_290.jpg
[매장픽업] 로쉐 마제 로제,"25,000",sitem.ssgcdn.com/91/69/00/item/1000277006991_i1_290.jpg
[매장픽업] 뻬레벤뚜라 까바 브륏 레세르바,"24,000",sitem.ssgcdn.com/66/17/56/item/1000378561766_i1_290.jpg
[레드와인] 35 사우스 리제르바 까버네쇼비뇽,"24,000",sitem.ssgcdn.com/58/01/50/item/1000051500158_i1_290.jpg
[레드와인] 도멘 바로나크 라 까삐뗄,"60,800",sitem.ssgcdn.com/19/42/11/item/1000054114219_i1_290.jpg
[매장픽업] 리카솔리 알비아 로제 토스카나 IGT,"30,000",sitem.ssgcdn.com/92/23/62/item/1000431622392_i1_290.jpg
"[매장픽업] 샴페인 보몽, 그랑 리저브 브륏","89,000",sitem.ssgcdn.com/20/52/34/item/1000540345220_i1_290.jpg
폰세카 타우니 포트 750mL,"40,000",sitem.ssgcdn.com/08/16/60/item/1000543601608_i1_290.jpg
[매장픽업] 레큐아 루비 포트,"40,000",sitem.ssgcdn.com/82/28/53/item/1000327532882_i1_290.jpg
[매장픽업] 샤를 도떼일 샴페인 브륏(스파클링와인),"75,000",sitem.ssgcdn.com/85/28/78/item/1000043782885_i1_290.jpg
[매장픽업] 지디 바이라 모스카토 다스티,"56,000",sitem.ssgcdn.com/24/57/29/item/1000455295724_i1_290.jpg
"[매장픽업] 부티노, 레 꼬또 쉬스또 세귀레","50,000",sitem.ssgcdn.com/60/56/33/item/1000169335660_i1_290.jpg
[매장픽업] 로버트 몬다비 오크빌 까베르네 소비뇽,"225,000",sitem.ssgcdn.com/94/82/95/item/1000263958294_i1_290.jpg
[매장픽업] 펜폴즈 쿠능가 힐 카베르네 소비뇽,"32,000",sitem.ssgcdn.com/80/13/11/item/1000143111380_i1_290.jpg
[레드와인] 스텀프점프 쉬라즈,"14,800",sitem.ssgcdn.com/82/03/54/item/1000051540382_i1_290.jpg
[매장픽업] 투핸즈 벨라스 가든 (레드와인),"169,000",sitem.ssgcdn.com/46/44/79/item/1000044794446_i1_290.jpg
[매장픽업] 버블넘버원 핑크라벨,"30,000",sitem.ssgcdn.com/08/79/53/item/1000378537908_i1_290.jpg
[매장픽업] 마시 코스타세라 아마로네,"142,000",sitem.ssgcdn.com/60/97/38/item/1000455389760_i1_290.jpg
[매장픽업] 카이켄 울트라 말벡,"53,000",sitem.ssgcdn.com/18/59/58/item/1000048585918_i1_290.jpg
[매장픽업] 서브미션 까베르네소비뇽,"58,000",sitem.ssgcdn.com/79/48/07/item/1000066074879_i1_290.jpg
[매장픽업] 샹파뉴 로칠드 브뤼,"220,000",sitem.ssgcdn.com/13/04/58/item/1000048580413_i1_290.jpg
[매장픽업] 델라모뜨 로제,"195,000",sitem.ssgcdn.com/41/82/48/item/1000318488241_i1_290.jpg
디브이 까테나 띤또 히스토리코 스페셜,"28,000",sitem.ssgcdn.com/19/58/22/item/1000270225819_i1_290.jpg
[매장픽업] 덕혼 디코이 샤도네이,"83,000",sitem.ssgcdn.com/68/02/73/item/1000289730268_i1_290.jpg
[레드와인] 펜폴즈 로손 리트리트 쉬라즈,"25,000",sitem.ssgcdn.com/23/10/53/item/1000051531023_i1_290.jpg
"[매장픽업] 피오 체사레, 바르베라 달바","50,000",sitem.ssgcdn.com/71/31/21/item/1000328213171_i1_290.jpg
AY 빌라 안티노리 2본,"140,000",sitem.ssgcdn.com/24/75/42/item/1000445427524_i1_290.jpg
[레드와인] 그래블리 포드 카베르네소비뇽,"19,800",sitem.ssgcdn.com/22/83/14/item/1000053148322_i1_290.jpg
[매장픽업]  1865 셀렉티드 빈야드 소비뇽블랑,"38,000",sitem.ssgcdn.com/51/62/03/item/1000356036251_i1_290.jpg
[매장픽업] 그라함 파인 루비 포트 (레드와인),"40,000",sitem.ssgcdn.com/58/56/51/item/1000541515658_i1_290.jpg
"[매장픽업]  로버트 오틀리, 시그니처 쉬라즈 (레드와인)","58,000",sitem.ssgcdn.com/20/92/85/item/1000043859220_i1_290.jpg
[레드와인] 란 리세르바,"39,800",sitem.ssgcdn.com/20/92/85/item/1000043859220_i2_290.jpg
[매장픽업] 그라함 레이트 바틀드 빈티지 포트 (레드와인),"56,000",sitem.ssgcdn.com/33/58/15/item/1000053155833_i1_290.jpg
[매장픽업] 샤토 생 미셸 컬럼비아 밸리 메를로,"50,000",sitem.ssgcdn.com/01/09/51/item/1000541510901_i1_290.jpg
[화이트와인] 가이서픽 캘리포니아 샤르도네,"24,800",sitem.ssgcdn.com/01/09/51/item/1000541510901_i2_290.jpg
[매장픽업] 마르케스 데 톨레도 리제르바,"20,000",sitem.ssgcdn.com/69/13/15/item/1000104151369_i1_290.jpg
브리갈다라 발폴리첼라 DOC,"21,800",sitem.ssgcdn.com/53/70/99/item/1000320997053_i1_290.jpg
[매장픽업] 비고르(레드와인),"70,000",sitem.ssgcdn.com/23/34/78/item/1000055783423_i1_290.jpg
비에티 바르베라 다스티,"58,000",sitem.ssgcdn.com/82/48/94/item/1000220944882_i1_290.jpg
"[매장픽업] 더 아톰, 카베르네 소비뇽","20,000",sitem.ssgcdn.com/93/73/80/item/1000043807393_i1_290.jpg
[매장픽업] 레큐아 화이트 포트,"40,000",sitem.ssgcdn.com/70/06/85/item/1000043850670_i1_290.jpg
"[매장픽업] 까사노바 디 네리, 브루넬로 디 몬탈치노 테누타 누오바","192,000",sitem.ssgcdn.com/52/77/11/item/1000168117752_i1_290.jpg
에스메랄다 까베르네 소비뇽,"18,000",sitem.ssgcdn.com/26/92/52/item/1000327529226_i1_290.jpg
[매장픽업] 펜폴즈 빈 138,"96,000",sitem.ssgcdn.com/54/88/27/item/1000540278854_i1_290.jpg
[매장픽업] 다우 10년 토니 포트,"86,000",sitem.ssgcdn.com/37/59/97/item/1000227975937_i1_290.jpg
[매장픽업] 샤또 라뚜르 까르네 2019,"155,000",sitem.ssgcdn.com/75/24/06/item/1000143062475_i1_290.jpg
니에푸르트 포타 타우니,"35,800",sitem.ssgcdn.com/99/66/64/item/1000289646699_i1_290.jpg
예산사과와인 애플와인 로제와인 12도 375ML 세트,"44,000",sitem.ssgcdn.com/58/14/85/item/1000519851458_i1_290.jpg
[매장픽업] 마렌코 스크라포나 모스카토 다스티 DOCG,"52,000",sitem.ssgcdn.com/77/22/62/item/1000248622277_i1_290.jpg
[레드와인] 핀카 라스 모라스 까베르네 소비뇽,"12,800",sitem.ssgcdn.com/77/15/64/item/1000520641577_i1_290.jpg
[매장픽업] 까델 보스코 프란치아코르타 뀌베 엑스트라 브륏,"103,000",sitem.ssgcdn.com/77/15/64/item/1000520641577_i2_290.jpg
[매장픽업] 몬테스 알파 블랙 피노 누아,"86,000",sitem.ssgcdn.com/05/55/99/item/1000519995505_i1_290.jpg
[매장픽업] 프레스코발디 카스텔지오콘도 브루넬로 디 몬탈치노,"150,000",sitem.ssgcdn.com/70/09/55/item/1000209550970_i1_290.jpg
[레드와인] 콜롬비아 크레스트 그랑 에스테이트 쉬라,"39,800",sitem.ssgcdn.com/85/89/58/item/1000048588985_i1_290.jpg
"[매장픽업]  로쉬 드 벨렌, 부르고뉴 샤르도네 퀴베 리저브 (화이트와인)","53,000",sitem.ssgcdn.com/16/08/01/item/1000072010816_i1_290.jpg
[스파클링] 앙드레끌루에 드림빈티지 2016,"89,000",sitem.ssgcdn.com/96/23/62/item/1000514622396_i1_290.jpg
"[매장픽업] 도멘 피롱, 크레망 드 부르고뉴","40,000",sitem.ssgcdn.com/42/24/59/item/1000227592442_i1_290.jpg
킴 크로포드 피노누아,"58,000",sitem.ssgcdn.com/85/19/33/item/1000049331985_i1_290.jpg
시나브로 피에스 로제스파클링와인 5도 750ml,"39,000",sitem.ssgcdn.com/85/19/33/item/1000049331985_i2_290.jpg
[스파클링] 샤를 도떼일 샴페인 브륏 프리미에크뤼,"69,800",sitem.ssgcdn.com/33/75/20/item/1000563207533_i1_290.jpg
[매장픽업] 레큐아 타우니 포트,"40,000",sitem.ssgcdn.com/37/98/74/item/1000063749837_i1_290.jpg
"[매장픽업] 부티노, 라 플뢰르 솔리테르 꼬뜨 뒤 론 블랑","34,000",sitem.ssgcdn.com/42/27/85/item/1000043852742_i1_290.jpg
[매장픽업] 기겡 생브리 쇼비뇽 블랑 2020,"75,000",sitem.ssgcdn.com/41/27/93/item/1000518932741_i1_290.jpg
"[매장픽업] 갤리카, 오크빌 까베르네 프랑(레드와인)","360,000",sitem.ssgcdn.com/65/50/86/item/1000055865065_i1_290.jpg
[매장픽업] 케익브레드 샤도네이,"142,000",sitem.ssgcdn.com/65/50/86/item/1000055865065_i2_290.jpg
"[매장픽업] 쓰리 스틱스, `갭스 크라운` 샤도네이","130,000",sitem.ssgcdn.com/27/20/31/item/1000455312027_i1_290.jpg
"[매장픽업] 샤토 페랑드, 루즈","65,000",sitem.ssgcdn.com/13/76/55/item/1000169557613_i1_290.jpg
[매장픽업] 안젤리카 자파타 메를로,"119,000",sitem.ssgcdn.com/12/28/97/item/1000048972812_i1_290.jpg
[매장픽업] 서브미션 로제,"56,000",sitem.ssgcdn.com/39/08/86/item/1000519860839_i1_290.jpg
"[매장픽업] 샴페인 보드리, 뀌베 프리빌리지 브륏","90,000",sitem.ssgcdn.com/27/03/03/item/1000072030327_i1_290.jpg
톰슨 앤 스캇 Noughty 스파클링 샤도네 무알콜 와인 750ml 6개 Chardonnay,"257,050",sitem.ssgcdn.com/40/27/28/item/1000540282740_i1_290.jpg
[매장픽업] 로코야 마운트비더,"1,700,000",sitem.ssgcdn.com/46/02/14/item/1000530140246_i1_290.jpg
아비뇨네지 50&50,"248,000",sitem.ssgcdn.com/21/36/59/item/1000238593621_i1_290.jpg
[매장픽업] 준마이 북극곰의 눈물,"24,000",sitem.ssgcdn.com/60/07/20/item/1000355200760_i1_290.jpg
[매장픽업] 쌩 클레어 파이오니어 블록 소비뇽 블랑,"58,000",sitem.ssgcdn.com/48/28/28/item/1000455282848_i1_290.jpg
[매장픽업] 카바이 쏘비뇽 (화이트와인),"119,000",sitem.ssgcdn.com/40/79/84/item/1000043847940_i1_290.jpg
[매장픽업] 로코야 다이아몬드마운틴,"1,700,000",sitem.ssgcdn.com/00/02/14/item/1000530140200_i1_290.jpg
[매장픽업] 더 힐트 피노 누아,"150,000",sitem.ssgcdn.com/83/71/78/item/1000531787183_i1_290.jpg
[매장픽업] 까테나 자파타 까테나 알타 까베르네소비뇽,"150,000",sitem.ssgcdn.com/49/78/85/item/1000519857849_i1_290.jpg
[매장픽업] 그르기치 샤도네이,"150,000",sitem.ssgcdn.com/58/98/96/item/1000529969858_i1_290.jpg
빌꺄르 살몽 브뤼 로제 750mL,"150,000",sitem.ssgcdn.com/80/39/77/item/1000549773980_i1_290.jpg
[매장픽업] 필립 토그니 나파밸리 까베르네 소비뇽,"470,000",sitem.ssgcdn.com/67/13/23/item/1000064231367_i1_290.jpg
[매장픽업] 샤또 그뤼오 라로즈  2017,"300,000",sitem.ssgcdn.com/59/80/25/item/1000455258059_i1_290.jpg
고도리와이너리 로제와인 12도 750ml,"27,000",sitem.ssgcdn.com/28/52/68/item/1000520685228_i1_290.jpg
[매장픽업] 체사리 아마로네 보잔,"260,000",sitem.ssgcdn.com/28/52/68/item/1000520685228_i2_290.jpg
[매장픽업] [경기점특가]샤또 뒤 떼르트르 2013,"162,000",sitem.ssgcdn.com/87/80/03/item/1000531038087_i1_290.jpg
[매장픽업] 알바로 팔라시오스 까민 델 프리오랏,"68,000",sitem.ssgcdn.com/93/18/19/item/1000282191893_i1_290.jpg
[매장픽업] 쌩 클레어 파이오니어 블록 피노누아,"68,000",sitem.ssgcdn.com/36/29/77/item/1000530772936_i1_290.jpg
[매장픽업] 자불레 지공다스 삐에르 애기,"113,000",sitem.ssgcdn.com/84/30/52/item/1000317523084_i1_290.jpg
[매장픽업] 쉐이퍼 원포인트파이브,"422,000",sitem.ssgcdn.com/17/49/58/item/1000048584917_i1_290.jpg
[매장픽업] LDV 다빈치 스트레다,"70,000",sitem.ssgcdn.com/95/69/85/item/1000519856995_i1_290.jpg
[매장픽업] 알바로 팔라시오스 페탈로스,"66,000",sitem.ssgcdn.com/84/50/83/item/1000063835084_i1_290.jpg
[매장픽업] 프리시전 네비게이터 진판델,"70,000",sitem.ssgcdn.com/17/66/57/item/1000048576617_i1_290.jpg
[매장픽업] 로코야 하웰마운틴,"1,700,000",sitem.ssgcdn.com/03/46/50/item/1000319504603_i1_290.jpg
[매장픽업] 케익브레드 댄싱 베어 랜치 (레드와인),"585,000",sitem.ssgcdn.com/37/98/13/item/1000530139837_i1_290.jpg
[레드와인] 알도 꼰떼르노 꼰까 뜨레필레,"88,000",sitem.ssgcdn.com/78/88/00/item/1000051008878_i1_290.jpg
전통주 오미로제 프리미어와인 S3 (선물포장),"39,000",sitem.ssgcdn.com/72/49/12/item/1000049124972_i1_290.jpg
[매장픽업]  로 조콜라이오 바르베라 달바,"60,000",sitem.ssgcdn.com/62/31/77/item/1000178773162_i1_290.jpg
[매장픽업] 트레페덴 나파밸리 에스골 레드,"90,000",sitem.ssgcdn.com/62/31/77/item/1000178773162_i2_290.jpg
[레드와인] 체비코 드라이 키스,"7,000",sitem.ssgcdn.com/53/01/00/item/1000260000153_i1_290.jpg
핀까엘 오리엔 파이 750mL,"117,500",sitem.ssgcdn.com/37/12/84/item/1000519841237_i1_290.jpg
[레드와인] 올리바레스 띤또,"16,500",sitem.ssgcdn.com/36/42/11/item/1000054114236_i1_290.jpg
카바이 쏘비뇽 750mL,"75,000",sitem.ssgcdn.com/68/58/43/item/1000555435868_i1_290.jpg
[매장픽업]   운두라가 파운더스 컬렉션 까베르네 소비뇽 (레드와인),"79,000",sitem.ssgcdn.com/48/29/85/item/1000055852948_i1_290.jpg
[매장픽업] 마셀 드 샹제 부즈롱 레 꼬르셀,"79,000",sitem.ssgcdn.com/71/14/79/item/1000556791471_i1_290.jpg
[매장픽업]  도멘 피에르 루노-파팡 무스카델 사브르 에 멘 쉬르 리 셈퍼 엑셀시옹,"115,000",sitem.ssgcdn.com/60/03/87/item/1000043870360_i1_290.jpg
[매장픽업] 에고메이 알마,"135,000",sitem.ssgcdn.com/34/23/68/item/1000529682334_i1_290.jpg
[매장픽업]  몰리두커 더 스쿠터,"60,000",sitem.ssgcdn.com/48/80/72/item/1000373728048_i1_290.jpg
AY 프랑스오메독 세트,"400,000",sitem.ssgcdn.com/03/62/52/item/1000317526203_i1_290.jpg
[매장픽업] 체사리 아마로네 클라시코,"130,000",sitem.ssgcdn.com/78/52/96/item/1000043965278_i1_290.jpg
[매장픽업] 덕혼 샤도네이,"113,000",sitem.ssgcdn.com/06/02/39/item/1000445390206_i1_290.jpg
[매장픽업] 샴페인 코피네 EA 라 꼬까르드,"169,000",sitem.ssgcdn.com/17/96/03/item/1000531039617_i1_290.jpg
"[매장픽업] 램본, 진판델 2016 (레드와인)","179,000",sitem.ssgcdn.com/25/91/77/item/1000529779125_i1_290.jpg
"[매장픽업] 몰리두커, 유포리아","45,000",sitem.ssgcdn.com/98/01/80/item/1000044800198_i1_290.jpg
[화이트 와인] 배비치 블랙라벨 소비뇽블랑,"34,800",sitem.ssgcdn.com/41/89/37/item/1000049378941_i1_290.jpg
[매장픽업] 프리시전 네비게이터 까베르네 소비뇽,"64,000",sitem.ssgcdn.com/41/89/37/item/1000049378941_i2_290.jpg
[매장픽업] FLV 뀌베 프리베 샤또 라스꽁브,"311,000",sitem.ssgcdn.com/34/06/75/item/1000063750634_i1_290.jpg
[매장픽업] AY 본테라 세트,"125,000",sitem.ssgcdn.com/96/15/56/item/1000248561596_i1_290.jpg
[매장픽업] 에밀리아나 SDO 카베르네 소비뇽 (레드와인),"88,000",sitem.ssgcdn.com/90/81/50/item/1000319508190_i1_290.jpg
[매장픽업] 나파 셀라 샤르도네,"65,000",sitem.ssgcdn.com/62/14/96/item/1000556961462_i1_290.jpg
[레드와인] 코노수르 레세르바 까베르네소비뇽,"22,000",sitem.ssgcdn.com/61/66/52/item/1000445526661_i1_290.jpg
"[매장픽업] 럭스, 로제 브륏 NV","20,000",sitem.ssgcdn.com/58/83/35/item/1000542358358_i1_290.jpg
[스파클링] 간치아 아스띠 스푸만떼 DOCG,"16,800",sitem.ssgcdn.com/33/80/27/item/1000082278033_i1_290.jpg
[매장픽업] 프레스코발디 지라몬테 2017,"420,000",sitem.ssgcdn.com/03/87/77/item/1000227778703_i1_290.jpg
[매장픽업] 스택스 립 와인 셀라 핸즈 오브 타임 샤도네이,"118,000",sitem.ssgcdn.com/87/11/25/item/1000169251187_i1_290.jpg
[레드와인] 아차벨 페레 핀까 벨라 비스타,"190,000",sitem.ssgcdn.com/81/59/15/item/1000053155981_i1_290.jpg
[매장픽업] 덕혼 디코이 리미티드 소노마 코스트 피노누아,"138,000",sitem.ssgcdn.com/46/41/08/item/1000355084146_i1_290.jpg
[화이트 와인] G7 소비뇽 블랑,"7,900",sitem.ssgcdn.com/53/91/09/item/1000355099153_i1_290.jpg
[매장픽업] 아카넘,"378,000",sitem.ssgcdn.com/78/79/29/item/1000049297978_i1_290.jpg
"[매장픽업] 부티노, 레 꼬또 꼬뜨 뒤 론 빌라쥐","29,000",sitem.ssgcdn.com/60/75/72/item/1000289727560_i1_290.jpg
[매장픽업] 울프 블라스 옐로라벨 샤도네이,"40,000",sitem.ssgcdn.com/96/91/22/item/1000308229196_i1_290.jpg
[매장픽업]  도멘 하고 지브리1er Cru 라 그랑드 베즈,"89,000",sitem.ssgcdn.com/86/60/86/item/1000063866086_i1_290.jpg
아비뇨시 비노노빌레750ml,"79,800",sitem.ssgcdn.com/54/22/32/item/1000169322254_i1_290.jpg
[매장픽업] 앙리오 블랑 드 블랑,"215,000",sitem.ssgcdn.com/20/38/21/item/1000063213820_i1_290.jpg
[매장픽업] 하이츠셀라 나파 밸리 카버네 소비뇽,"275,000",sitem.ssgcdn.com/41/94/32/item/1000376329441_i1_290.jpg
[매장픽업] 덕혼 디스커션 나파밸리,"430,000",sitem.ssgcdn.com/69/46/58/item/1000238584669_i1_290.jpg
[매장픽업] 프레스코발디 카스텔지오콘도 브루넬로 디 몬탈치노 리제르바,"345,000",sitem.ssgcdn.com/36/64/87/item/1000530876436_i1_290.jpg
[매장픽업] 돈나푸가타 앙겔리,"79,000",sitem.ssgcdn.com/56/79/00/item/1000532007956_i1_290.jpg
[매장픽업] 프레스코발디 페라노 끼안티 클라시코,"68,000",sitem.ssgcdn.com/58/62/70/item/1000529706258_i1_290.jpg
★[와인선물세트]몰리나그란리저브까버네+까르미네르,"43,000",sitem.ssgcdn.com/67/67/62/item/1000514626767_i1_290.jpg
[매장픽업] CSR 피오체사레 세트,"302,000",sitem.ssgcdn.com/21/63/13/item/1000530136321_i1_290.jpg
[매장픽업] 올드 소울 샤도네이,"60,000",sitem.ssgcdn.com/91/18/57/item/1000066571891_i1_290.jpg
"[매장픽업] 램본, 카베르네 쇼비뇽 (레드와인)","350,000",sitem.ssgcdn.com/26/94/37/item/1000049379426_i1_290.jpg
[화이트 와인] 아방가르데 750,"24,800",sitem.ssgcdn.com/26/94/37/item/1000049379426_i2_290.jpg
[매장픽업] 마셀 드 샹제 쥬브레 샹베르땅 레 크레,"250,000",sitem.ssgcdn.com/19/75/77/item/1000218777519_i1_290.jpg
AY 페데럴리스트 세트,"300,000",sitem.ssgcdn.com/61/59/69/item/1000529695961_i1_290.jpg
[매장픽업] 고세 그랑 밀레짐,"320,000",sitem.ssgcdn.com/64/42/44/item/1000445444264_i1_290.jpg
코폴라 로쏘 앤 비앙코 로쏘,"44,800",sitem.ssgcdn.com/87/56/43/item/1000262435687_i1_290.jpg
[매장픽업] 꾸마로(레드와인),"130,000",sitem.ssgcdn.com/22/42/57/item/1000533574222_i1_290.jpg
[매장픽업] 샹파뉴 로칠드 블랑 드 블랑,"275,000",sitem.ssgcdn.com/87/49/78/item/1000043784987_i1_290.jpg
[매장픽업] 바넷 나파 카버네소비뇽,"310,000",sitem.ssgcdn.com/99/10/46/item/1000530461099_i1_290.jpg
[레드와인] 핀까엘 오리엔 파이,"54,800",sitem.ssgcdn.com/84/25/35/item/1000530352584_i1_290.jpg
[매장픽업] 카이켄 테루아 시리즈 말벡,"39,000",sitem.ssgcdn.com/56/15/07/item/1000228071556_i1_290.jpg
[매장픽업] 투핸즈 아에로페,"360,000",sitem.ssgcdn.com/26/45/26/item/1000531264526_i1_290.jpg
[매장픽업] 글렌피딕 12년,"130,000",sitem.ssgcdn.com/02/38/85/item/1000519853802_i1_290.jpg
[매장픽업] 글렌모렌지 시그넷,"400,000",sitem.ssgcdn.com/50/38/30/item/1000085303850_i1_290.jpg
[매장픽업] 꿀리뒤떼이 레 그라비에 (레드와인),"37,000",sitem.ssgcdn.com/77/40/03/item/1000258034077_i1_290.jpg
"[매장픽업] 후프스, 후플라 나파밸리 레드 블랜드(레드와인)","60,000",sitem.ssgcdn.com/56/11/52/item/1000541521156_i1_290.jpg
"[매장픽업] 핀카 바카라, 3015","30,000",sitem.ssgcdn.com/12/00/69/item/1000055690012_i1_290.jpg
AY 셀리에 프린스 세트,"160,000",sitem.ssgcdn.com/82/37/24/item/1000328243782_i1_290.jpg
[매장픽업] 라벨5 하이볼 패키지,"33,000",sitem.ssgcdn.com/25/14/51/item/1000445511425_i1_290.jpg
[매장픽업] 몬텔레나 진판델,"160,000",sitem.ssgcdn.com/36/58/06/item/1000163065836_i1_290.jpg
"[매장픽업]  샤토 뒤 뫼르소, 사비니-레-본 블랑","130,000",sitem.ssgcdn.com/36/58/06/item/1000163065836_i2_290.jpg
[매장픽업] 페이머스 그라우스,"30,000",sitem.ssgcdn.com/13/87/34/item/1000530348713_i1_290.jpg
[매장픽업] 벨 꼴레 알타 랑가 DOCG 뀌베 발렌티나,"107,000",sitem.ssgcdn.com/75/44/73/item/1000373734475_i1_290.jpg
[스파클링] 운두라가 브뤼,"14,800",sitem.ssgcdn.com/31/35/45/item/1000286453531_i1_290.jpg
[매장픽업] CSR 몰리두커 세트,"180,000",sitem.ssgcdn.com/36/88/50/item/1000520508836_i1_290.jpg
[매장픽업]  올리비에 귀요 마르사네 라 몽타뉴 블랑,"90,000",sitem.ssgcdn.com/14/81/84/item/1000227848114_i1_290.jpg
[매장픽업] 도멘 생 제르망 수 르 록 드 페르 2019,"68,000",sitem.ssgcdn.com/48/69/41/item/1000525416948_i1_290.jpg
[매장픽업]  콜럼비아 크레스트 H3 까베르네 소비뇽,"70,000",sitem.ssgcdn.com/94/30/60/item/1000373603094_i1_290.jpg
[화이트와인] 떼라 린다 비우라 샤도네이,"19,800",sitem.ssgcdn.com/14/70/55/item/1000289557014_i1_290.jpg
[매장픽업]  앙리 흐북소 제브리 샹베르땅,"189,000",sitem.ssgcdn.com/28/87/81/item/1000293818728_i1_290.jpg
[매장픽업] 베린저 브로스 소비뇽 블랑,"45,000",sitem.ssgcdn.com/98/74/96/item/1000051967498_i1_290.jpg
[매장픽업] 도츠 블랑드 블랑,"230,000",sitem.ssgcdn.com/08/58/54/item/1000375545808_i1_290.jpg
[매장픽업] 톨라이니 피코네로 IGT,"180,000",sitem.ssgcdn.com/99/33/36/item/1000064363399_i1_290.jpg
[매장픽업] 시바스리갈 12년,"60,000",sitem.ssgcdn.com/17/43/43/item/1000262434317_i1_290.jpg
"[매장픽업] 발데리즈, 발데리즈","65,000",sitem.ssgcdn.com/62/78/69/item/1000510697862_i1_290.jpg
[매장픽업] 덕혼 디코이 로제,"83,000",sitem.ssgcdn.com/36/23/74/item/1000489742336_i1_290.jpg
[매장픽업] 에밀리아나 SDO 샤르도네 비오니에 (화이트와인),"39,000",sitem.ssgcdn.com/50/22/97/item/1000048972250_i1_290.jpg
AY 프리미티보 세트,"220,000",sitem.ssgcdn.com/15/62/13/item/1000530136215_i1_290.jpg
"[매장픽업] 후프스, 나파밸리 까베르네 소비뇽(레드와인)","156,000",sitem.ssgcdn.com/05/50/54/item/1000541545005_i1_290.jpg
[매장픽업] 찰스 하이직 로제 리저브  NV,"310,000",sitem.ssgcdn.com/58/12/42/item/1000445421258_i1_290.jpg
[매장픽업] 기겡 이랑시 피노누아 20,"75,000",sitem.ssgcdn.com/24/08/86/item/1000055860824_i1_290.jpg
[스파클링] 간치아 프로세코 DOC,"16,800",sitem.ssgcdn.com/33/51/55/item/1000059555133_i1_290.jpg
"[매장픽업]  이본 끌레제, 볼네 프리미에 크뤼 까레 수 라 샤펠","235,000",sitem.ssgcdn.com/33/51/55/item/1000059555133_i2_290.jpg
[레드와인] 핀카 라스 모라스 레세르바 까베르네-시라,"53,000",sitem.ssgcdn.com/86/21/93/item/1000518932186_i1_290.jpg
[화이트 와인] 옐로우테일쇼비뇽블랑187,"5,800",sitem.ssgcdn.com/82/59/15/item/1000053155982_i1_290.jpg
[매장픽업] 투핸즈 야카 블록,"240,000",sitem.ssgcdn.com/61/99/83/item/1000376839961_i1_290.jpg
[매장픽업] 글렌모렌지 18년,"280,000",sitem.ssgcdn.com/87/80/14/item/1000053148087_i1_290.jpg
[매장픽업] 루피노 그레뽀네 마찌 브루넬로 디 몬탈치노,"200,000",sitem.ssgcdn.com/69/08/71/item/1000218710869_i1_290.jpg
[매장픽업] 델리카토 블랙 스탈리온 까베르네 소비뇽,"80,000",sitem.ssgcdn.com/99/24/35/item/1000455352499_i1_290.jpg
[매장픽업] 글렌피딕 23년 그랑크뤼,"700,000",sitem.ssgcdn.com/69/53/83/item/1000251835369_i1_290.jpg
[매장픽업] 제임슨 스탠다드,"45,000",sitem.ssgcdn.com/87/41/31/item/1000530314187_i1_290.jpg
[매장픽업] 에반 윌리엄스 블랙,"30,000",sitem.ssgcdn.com/17/49/60/item/1000529604917_i1_290.jpg
코노수르 비씨클레타 소비뇽 블랑,"15,800",sitem.ssgcdn.com/36/86/21/item/1000090218636_i1_290.jpg
[매장픽업] 피에르 지모네 스페셜 클럽 그랑 떼루아 샤르도네 블랑 드 블랑,"230,000",sitem.ssgcdn.com/70/09/45/item/1000286450970_i1_290.jpg
[매장픽업] 꿀리뒤떼이 르 끌로 드 레꼬 (레드와인),"118,000",sitem.ssgcdn.com/52/95/73/item/1000489739552_i1_290.jpg
[매장픽업] 칼레라 샤도네이,"77,000",sitem.ssgcdn.com/55/39/04/item/1000286043955_i1_290.jpg
[스파클링] 브라운 브라더스 모스까또,"20,000",sitem.ssgcdn.com/80/31/40/item/1000521403180_i1_290.jpg
[매장픽업] 글렌피딕 18년,"290,000",sitem.ssgcdn.com/54/52/34/item/1000542345254_i1_290.jpg
[매장픽업] 어니스트 레미 브뤼 그랑크뤼,"150,000",sitem.ssgcdn.com/83/74/89/item/1000519897483_i1_290.jpg
칸티 모스카토 콜레지오네 파밀리아 IGT 750mL,"12,800",sitem.ssgcdn.com/91/59/15/item/1000053155991_i1_290.jpg
[매장픽업] 로버트오틀리 포켓왓치 시라즈 (레드와인),"23,000",sitem.ssgcdn.com/30/32/21/item/1000090213230_i1_290.jpg
마틸다 샤푸티에 빅토리아 쉬라즈,"43,000",sitem.ssgcdn.com/52/69/49/item/1000520496952_i1_290.jpg
"[매장픽업] 핀카 바카라,하이(토치)","55,000",sitem.ssgcdn.com/72/97/58/item/1000543589772_i1_290.jpg
[매장픽업] 다카사고 야마하이 유즈슈 (유자사케),"35,000",sitem.ssgcdn.com/08/43/35/item/1000542354308_i1_290.jpg
[매장픽업]  퀼링-기요 니켄하임 리슬링,"85,000",sitem.ssgcdn.com/29/85/28/item/1000209288529_i1_290.jpg
[스파클링] 칸티 아스티 세코 DOCG,"14,800",sitem.ssgcdn.com/53/75/26/item/1000328267553_i1_290.jpg
[화이트와인] 가또 네그로 샤르도네,"7,800",sitem.ssgcdn.com/93/37/20/item/1000355203793_i1_290.jpg
코노수르 비씨클레타 샤도네이,"15,800",sitem.ssgcdn.com/29/11/59/item/1000373591129_i1_290.jpg
[매장픽업] 떼루뇨 쇼비뇽 블랑,"70,000",sitem.ssgcdn.com/87/43/11/item/1000054114387_i1_290.jpg
[매장픽업] FLV 뀌베 프리베 샤또 말라틱 라그라비에르 블랑,"246,000",sitem.ssgcdn.com/57/60/15/item/1000053156057_i1_290.jpg
[매장픽업] 차카나 에스테이트 토론테스 프롤롱가다 (로제와인),"35,000",sitem.ssgcdn.com/03/44/76/item/1000227764403_i1_290.jpg
[매장픽업] 돈나푸가타 술 불카노 로사토,"85,000",sitem.ssgcdn.com/87/54/29/item/1000082295487_i1_290.jpg
[매장픽업] 그란 메달라 까베르네소비뇽(레드와인),"80,000",sitem.ssgcdn.com/55/48/97/item/1000556974855_i1_290.jpg
[매장픽업] 그르기치 힐스 로제,"84,000",sitem.ssgcdn.com/32/03/55/item/1000541550332_i1_290.jpg
[매장픽업] 하디스 HRB 쉬라즈,"90,000",sitem.ssgcdn.com/94/87/13/item/1000530138794_i1_290.jpg
[매장픽업] 케이머스 코넌드럼,"67,000",sitem.ssgcdn.com/24/89/69/item/1000048698924_i1_290.jpg
[매장픽업] 돈나푸가타 리게아,"65,000",sitem.ssgcdn.com/09/42/78/item/1000529784209_i1_290.jpg
[매장픽업] 쉐이퍼 릴렌틀리스,"389,000",sitem.ssgcdn.com/71/67/25/item/1000520256771_i1_290.jpg
[화이트와인] G7 리저브 샤도네이,"15,000",sitem.ssgcdn.com/71/33/30/item/1000531303371_i1_290.jpg
[스파클링] 미안더 모스카토 275ml,"3,500",sitem.ssgcdn.com/37/79/13/item/1000530137937_i1_290.jpg
[매장픽업]  도멘 에레스틴-마찌니 부르고뉴 피노누아,"100,000",sitem.ssgcdn.com/17/47/70/item/1000373704717_i1_290.jpg
에반 윌리엄스 허니 750mL,"30,000",sitem.ssgcdn.com/02/53/37/item/1000555375302_i1_290.jpg
[스파클링] 발레벨보 모스까또 스푸만떼,"18,800",sitem.ssgcdn.com/02/53/37/item/1000555375302_i2_290.jpg
[매장픽업] 킴 크로포드 로제,"55,000",sitem.ssgcdn.com/24/11/47/item/1000051471124_i1_290.jpg
"[매장픽업] 알프레도 마에스트로, 아만다 (레드와인)","80,000",sitem.ssgcdn.com/09/61/58/item/1000531586109_i1_290.jpg
[매장픽업]  제레미 레끼오네 쥐브리-샴베르땡,"230,000",sitem.ssgcdn.com/26/33/39/item/1000049393326_i1_290.jpg
[매장픽업] 나파누크 2015,"345,000",sitem.ssgcdn.com/38/65/83/item/1000376836538_i1_290.jpg
[매장픽업] 카바이 샤르도네 (화이트와인),"225,000",sitem.ssgcdn.com/44/90/22/item/1000455229044_i1_290.jpg
[매장픽업] 까르민 데 페우모,"310,000",sitem.ssgcdn.com/29/94/84/item/1000043849429_i1_290.jpg
[스파클링] 산테로 피노 샤도네이 스푸만테,"19,900",sitem.ssgcdn.com/88/78/22/item/1000064227888_i1_290.jpg
[매장픽업] 레미마틴 VSOP,"110,000",sitem.ssgcdn.com/07/60/15/item/1000053156007_i1_290.jpg
[매장픽업] 뛰느방 배드 보이,"50,000",sitem.ssgcdn.com/34/96/56/item/1000381569634_i1_290.jpg
[매장픽업] 라 프로므나드,"50,000",sitem.ssgcdn.com/28/66/32/item/1000166326628_i1_290.jpg
[매장픽업] 돈나푸가타 세다라,"49,000",sitem.ssgcdn.com/89/78/51/item/1000317517889_i1_290.jpg
"[매장픽업] 부티노, 레 시스 까렌느","55,000",sitem.ssgcdn.com/78/70/13/item/1000530137078_i1_290.jpg
[스파클링] 간치아 브라께또 다뀌 DOCG,"19,800",sitem.ssgcdn.com/30/01/40/item/1000169400130_i1_290.jpg
페스티보 비앙코,"7,980",sitem.ssgcdn.com/04/60/15/item/1000053156004_i1_290.jpg
에반 윌리엄스 애플 750mL,"30,000",sitem.ssgcdn.com/91/05/85/item/1000238850591_i1_290.jpg
[매장픽업] 리베라 일 팔코네,"80,000",sitem.ssgcdn.com/07/69/37/item/1000555376907_i1_290.jpg
[매장픽업] 캐리커처,"100,000",sitem.ssgcdn.com/07/69/37/item/1000555376907_i2_290.jpg
"[매장픽업] 매티스, 그리나쉬","85,000",sitem.ssgcdn.com/33/66/89/item/1000519896633_i1_290.jpg
[매장픽업] 글렌모렌지 오리지날,"99,000",sitem.ssgcdn.com/09/31/49/item/1000520493109_i1_290.jpg
[매장픽업] 올드 소울 까베르네 소비뇽,"60,000",sitem.ssgcdn.com/97/03/75/item/1000063750397_i1_290.jpg
[매장픽업] 폰세카 타우니 포트,"60,000",sitem.ssgcdn.com/83/14/03/item/1000258031483_i1_290.jpg
[매장픽업] 689 화이트 나파 밸리,"60,000",sitem.ssgcdn.com/41/63/58/item/1000048586341_i1_290.jpg
[화이트와인] 인디고 아이즈 샤도네이,"19,460",sitem.ssgcdn.com/12/04/68/item/1000277680412_i1_290.jpg
AY 에스쿠도로호세트,"190,000",sitem.ssgcdn.com/54/48/46/item/1000318464854_i1_290.jpg
군트럼 리슬링 루이스 콘스탄틴,"16,800",sitem.ssgcdn.com/21/69/80/item/1000080806921_i1_290.jpg
[매장픽업] 코폴라 산타 바바라 피노누아,"50,000",sitem.ssgcdn.com/42/68/51/item/1000445516842_i1_290.jpg
[매장픽업]  도멘 쁘띠 로아 부르고뉴 샤르도네,"105,000",sitem.ssgcdn.com/69/18/55/item/1000248551869_i1_290.jpg
"[매장픽업] 핀카 바카라, 크레이지 그레이프(아바타)","25,000",sitem.ssgcdn.com/93/42/96/item/1000523964293_i1_290.jpg
[매장픽업] 젤바흐오스터 리슬링 오틀라이 2010,"150,000",sitem.ssgcdn.com/62/52/72/item/1000373725262_i1_290.jpg
[매장픽업]  보이델-말베르그 브룩 비슬링거 리드 리슬링,"150,000",sitem.ssgcdn.com/60/14/26/item/1000328261460_i1_290.jpg
[화이트와인] 크레스만 그라브 화이트 하프,"9,800",sitem.ssgcdn.com/65/69/95/item/1000518956965_i1_290.jpg
[매장픽업] 마렌코 피네토 브라케토 다뀌 DOCG,"52,000",sitem.ssgcdn.com/74/48/74/item/1000373744874_i1_290.jpg
[레드와인] 페더럴리스트어니스트블렌드,"59,800",sitem.ssgcdn.com/76/44/11/item/1000054114476_i1_290.jpg
[매장픽업] 플라네타 알라스트로,"52,000",sitem.ssgcdn.com/29/56/99/item/1000519995629_i1_290.jpg
[매장픽업] 마틴 레이 소노마 코스트 피노누아,"60,000",sitem.ssgcdn.com/78/70/21/item/1000053217078_i1_290.jpg
[매장픽업] 마헨들 리슬링 페더슈필,"60,000",sitem.ssgcdn.com/21/82/75/item/1000318758221_i1_290.jpg
마쓰이 산인 700mL,"52,000",sitem.ssgcdn.com/93/78/53/item/1000520537893_i1_290.jpg
[매장픽업]  도멘 호베르 쉐비용 뉘-생-조르쥬 비에이비뉴,"195,000",sitem.ssgcdn.com/15/66/08/item/1000066086615_i1_290.jpg
"[매장픽업] 스몰타운 빈야드, 클로벨라 마타로 그리나쉬","55,000",sitem.ssgcdn.com/15/66/08/item/1000066086615_i2_290.jpg
[매장픽업] 패트리샤 샤르도네,"55,000",sitem.ssgcdn.com/42/43/60/item/1000543604342_i1_290.jpg
[화이트 와인] 옐로우테일 퓨어브라이트 샤도네이,"15,800",sitem.ssgcdn.com/06/92/44/item/1000376449206_i1_290.jpg
[매장픽업] 말리부,"32,000",sitem.ssgcdn.com/21/29/55/item/1000169552921_i1_290.jpg
[레드와인] 이스까이,"75,000",sitem.ssgcdn.com/44/46/41/item/1000360414644_i1_290.jpg
[매장픽업] 보리우 빈야드 나파 까베르네 소비뇽(레드와인),"150,000",sitem.ssgcdn.com/60/72/85/item/1000217857260_i1_290.jpg
[매장픽업] 글렌모렌지 넥타도르,"165,000",sitem.ssgcdn.com/71/22/45/item/1000286452271_i1_290.jpg
[매장픽업] 케익브레드 메를로,"188,000",sitem.ssgcdn.com/45/91/24/item/1000049249145_i1_290.jpg
[매장픽업] 보리우 빈야드 러더포드 카베르네 소비뇽,"180,000",sitem.ssgcdn.com/09/82/58/item/1000043588209_i1_290.jpg
[레드와인] 시데랄,"45,000",sitem.ssgcdn.com/09/82/58/item/1000043588209_i2_290.jpg
[스파클링] 발레밸보 브라께또,"18,800",sitem.ssgcdn.com/52/09/02/item/1000258020952_i1_290.jpg
라포스톨 뀌베알렉상드르 멜롯,"50,000",sitem.ssgcdn.com/58/52/30/item/1000455305258_i1_290.jpg
[매장픽업] 엠 샤푸티에 레 메이소니에 아티스트 레이블,"55,000",sitem.ssgcdn.com/49/00/57/item/1000520570049_i1_290.jpg
[매장픽업] 패너 애쉬 비오니에,"100,000",sitem.ssgcdn.com/56/14/43/item/1000546431456_i1_290.jpg
[매장픽업] 젠틀맨즈 컬렉션 까베르네 소비뇽(레드와인),"100,000",sitem.ssgcdn.com/74/10/47/item/1000051471074_i1_290.jpg
[매장픽업]  봄베이 사파이어 진,"45,000",sitem.ssgcdn.com/48/64/62/item/1000238626448_i1_290.jpg
[매장픽업]  브리갈다라 발폴리첼라 리파소,"72,000",sitem.ssgcdn.com/86/05/82/item/1000520820586_i1_290.jpg
[매장픽업] 호나타 페닉스,"264,000",sitem.ssgcdn.com/70/50/71/item/1000531715070_i1_290.jpg
[매장픽업] 샤또 생진 생 세파쥬,"330,000",sitem.ssgcdn.com/19/15/27/item/1000049271519_i1_290.jpg
[매장픽업] 메달라 카베르네 소비뇽,"47,000",sitem.ssgcdn.com/18/00/21/item/1000355210018_i1_290.jpg
[매장픽업] 아드벡 10년,"125,000",sitem.ssgcdn.com/77/94/02/item/1000260029477_i1_290.jpg
[매장픽업] 투핸즈 애비뉴 투 골드 쉬라즈,"165,000",sitem.ssgcdn.com/69/97/60/item/1000531609769_i1_290.jpg
[스파클링] 미티크 랑그독 루즈,"10,800",sitem.ssgcdn.com/21/53/60/item/1000529605321_i1_290.jpg
[매장픽업] 돈나푸가타 밀레 에 우나 노떼,"320,000",sitem.ssgcdn.com/47/02/44/item/1000082440247_i1_290.jpg
"[매장픽업] 파비아, 카보네 샤도네이","139,000",sitem.ssgcdn.com/22/99/72/item/1000489729922_i1_290.jpg
"[매장픽업] 몰리두커, 더 메이터 디","111,000",sitem.ssgcdn.com/97/74/61/item/1000514617497_i1_290.jpg
[매장픽업] 글로리오소 리오하 레세르바,"120,000",sitem.ssgcdn.com/38/34/89/item/1000206893438_i1_290.jpg
[매장픽업] 아드벡 위비스티,"120,000",sitem.ssgcdn.com/80/69/13/item/1000530136980_i1_290.jpg
"[매장픽업]  마이펫, 템프라니요 (레드와인)","32,000",sitem.ssgcdn.com/11/98/34/item/1000540349811_i1_290.jpg
"[매장픽업] 피오 체사레, 피오딜레이 샤도네이","105,000",sitem.ssgcdn.com/03/45/53/item/1000420534503_i1_290.jpg
에반 윌리엄스 바틀드 인 본드 750mL,"39,900",sitem.ssgcdn.com/01/42/57/item/1000520574201_i1_290.jpg
[매장픽업] 하이츠셀라 로트 C-91 카버네 소비뇽,"340,000",sitem.ssgcdn.com/84/74/73/item/1000489737484_i1_290.jpg
[레드와인] 페냐솔 블랑코 3L,"17,800",sitem.ssgcdn.com/25/33/62/item/1000063623325_i1_290.jpg
[화이트와인] 미아 상그리아 화이트 프리잔테,"11,800",sitem.ssgcdn.com/33/90/23/item/1000328239033_i1_290.jpg
[매장픽업] 셀리에 데 프린스 꼬뜨뒤론 비에이비뉴,"29,000",sitem.ssgcdn.com/91/46/60/item/1000543604691_i1_290.jpg
[매장픽업] 엑스레이티드,"64,000",sitem.ssgcdn.com/58/57/60/item/1000531605758_i1_290.jpg
[매장픽업]  앙리 흐북소 제브리 샹베르땅1er Cru 퐁뜨니,"450,000",sitem.ssgcdn.com/38/72/85/item/1000217857238_i1_290.jpg
코노 쇼비뇽블랑,"24,800",sitem.ssgcdn.com/14/60/15/item/1000053156014_i1_290.jpg
[매장픽업] 차카나 에스테이트셀렉션 카베르네 소비뇽 (레드와인),"35,000",sitem.ssgcdn.com/99/77/56/item/1000520567799_i1_290.jpg
[매장픽업] 베르테네 에 피스 브륏 블랑 드 블랑,"58,000",sitem.ssgcdn.com/64/87/07/item/1000417078764_i1_290.jpg
[매장픽업] 아드벡 언 오,"155,000",sitem.ssgcdn.com/20/55/72/item/1000489725520_i1_290.jpg
[매장픽업] 알테시노 로쏘 IGT 토스카나 (레드와인),"45,000",sitem.ssgcdn.com/68/30/54/item/1000541543068_i1_290.jpg
블랙스탈리온 트랜센던트 까버네,"550,000",sitem.ssgcdn.com/54/52/64/item/1000238645254_i1_290.jpg
[매장픽업] 비에티 로에로 아르네이스,"63,000",sitem.ssgcdn.com/51/75/35/item/1000530357551_i1_290.jpg
[매장픽업] 수마로카 테랄 (레드와인),"31,000",sitem.ssgcdn.com/99/63/35/item/1000542356399_i1_290.jpg
[매장픽업] 앱솔루트 어피치,"39,000",sitem.ssgcdn.com/54/65/20/item/1000355206554_i1_290.jpg
"[매장픽업] 에밀리아나, 살바헤 (레드와인)","38,000",sitem.ssgcdn.com/80/13/86/item/1000043861380_i1_290.jpg
[매장픽업] 요리오 메그넘,"50,000",sitem.ssgcdn.com/80/13/86/item/1000043861380_i2_290.jpg
[매장픽업] 헤네시 VSOP,"120,000",sitem.ssgcdn.com/19/13/63/item/1000529631319_i1_290.jpg
[매장픽업] 얄리 레세르바 까베르네 소비뇽,"30,000",sitem.ssgcdn.com/32/17/73/item/1000489731732_i1_290.jpg
[매장픽업] 차카나 누나 에스테이트 말벡 (레드와인),"46,000",sitem.ssgcdn.com/17/83/23/item/1000277238317_i1_290.jpg
[매장픽업] 마스카 델 타코 로시 피노 네로 로사토,"72,000",sitem.ssgcdn.com/43/82/54/item/1000541548243_i1_290.jpg
[매장픽업] 리몬 체,"35,000",sitem.ssgcdn.com/32/05/12/item/1000355120532_i1_290.jpg
글렌 모레이 포트 캐스크 700mL,"49,800",sitem.ssgcdn.com/36/44/73/item/1000489734436_i1_290.jpg
[레드와인] 바바 로제타,"23,800",sitem.ssgcdn.com/59/19/46/item/1000555461959_i1_290.jpg
[화이트와인] 생 클레어 파이오니어 블락 소비뇽 블랑,"34,800",sitem.ssgcdn.com/60/53/05/item/1000547055360_i1_290.jpg
"[매장픽업]바독/강아지 와인 패키지(카베르네소비뇽,블루베리)","50,000",sitem.ssgcdn.com/06/75/96/item/1000051967506_i1_290.jpg
[매장픽업] 알타비스타 엑스트라 브륏 블랑 드 블랑,"50,000",sitem.ssgcdn.com/25/10/57/item/1000520571025_i1_290.jpg
[레드와인] 마시 브롤로 깜포피오린 오로,"50,000",sitem.ssgcdn.com/99/16/55/item/1000378551699_i1_290.jpg
[매장픽업] 까레 핀카 반깔레스,"34,000",sitem.ssgcdn.com/33/41/12/item/1000049124133_i1_290.jpg
[화이트와인] 얄리 프리미엄 릴리즈 샤르도네,"14,800",sitem.ssgcdn.com/87/02/63/item/1000529630287_i1_290.jpg
[매장픽업] 샤또 베이슈벨 2014,"386,000",sitem.ssgcdn.com/60/74/83/item/1000049837460_i1_290.jpg
JP 슈네 딜리셔스 로제 750mL,"14,000",sitem.ssgcdn.com/28/63/78/item/1000343786328_i1_290.jpg
[매장픽업] 알테시노 알테 달테시 (레드와인),"95,000",sitem.ssgcdn.com/34/88/14/item/1000549148834_i1_290.jpg
몰리나 그란 레세르바 트리부토 까베르네 소비뇽,"19,800",sitem.ssgcdn.com/47/44/54/item/1000541544447_i1_290.jpg
[매장픽업] 에반 윌리엄스 바틀드 인 본드,"40,000",sitem.ssgcdn.com/36/72/37/item/1000546377236_i1_290.jpg
[레드와인] 끌로뒤발 멜롯,"99,000",sitem.ssgcdn.com/52/56/28/item/1000546285652_i1_290.jpg
[매장픽업] 코폴라 다이아몬드 소노마 코스트 샤르도네,"49,000",sitem.ssgcdn.com/48/42/11/item/1000054114248_i1_290.jpg
[스파클링] 카르타 네바다,"15,800",sitem.ssgcdn.com/89/48/96/item/1000523964889_i1_290.jpg
[매장픽업] 메이오미 카버네 소비뇽,"96,000",sitem.ssgcdn.com/14/71/21/item/1000053217114_i1_290.jpg
도메니꼬 끌레리꼬-랑게 돌체토비사디,"38,000",sitem.ssgcdn.com/07/57/83/item/1000063835707_i1_290.jpg
[화이트 와인] 옐로우테일 퓨어브라이트 소비뇽블랑,"15,800",sitem.ssgcdn.com/59/71/63/item/1000238637159_i1_290.jpg
마르께스 데 까사 콘차 샤르도네,"28,000",sitem.ssgcdn.com/63/72/85/item/1000217857263_i1_290.jpg
[화이트 와인] 옐로우테일 샤도네,"15,800",sitem.ssgcdn.com/36/08/82/item/1000210820836_i1_290.jpg
[매장픽업] 사틀러호프 쇼비뇽 블랑 프리바트 2015,"310,000",sitem.ssgcdn.com/73/08/71/item/1000218710873_i1_290.jpg
[매장픽업] 기겡 샤블리 1er 부그로 20,"240,000",sitem.ssgcdn.com/01/48/95/item/1000518954801_i1_290.jpg
[레드와인] 인디고 아이즈 까베르네 소비뇽,"19,460",sitem.ssgcdn.com/13/04/94/item/1000518940413_i1_290.jpg
[매장픽업] 테레다비노-바르바레스코,"37,000",sitem.ssgcdn.com/38/69/80/item/1000080806938_i1_290.jpg
[매장픽업] 글렌모렌지  라산타,"140,000",sitem.ssgcdn.com/58/09/24/item/1000277240958_i1_290.jpg
[매장픽업] 라 네르트 샤또뇌프 뒤 파프 루즈,"187,000",sitem.ssgcdn.com/67/59/02/item/1000258025967_i1_290.jpg
[매장픽업] 케이머스 보난자 카버네 소비뇽,"69,000",sitem.ssgcdn.com/06/94/13/item/1000530139406_i1_290.jpg
[매장픽업] 비에티 바르베라 달바,"70,000",sitem.ssgcdn.com/54/08/30/item/1000531300854_i1_290.jpg
[매장픽업] 와비 사비 오렌지문,"68,000",sitem.ssgcdn.com/75/84/35/item/1000530358475_i1_290.jpg
[화이트와인] 코노 쇼비뇽블랑,"24,800",sitem.ssgcdn.com/98/23/53/item/1000317532398_i1_290.jpg
솔라즈 템프라니요 카베르네 쇼비뇽,"45,000",sitem.ssgcdn.com/93/74/96/item/1000051967493_i1_290.jpg
"[매장픽업] 나파 하이랜즈, 샤도네이","70,000",sitem.ssgcdn.com/52/78/18/item/1000211187852_i1_290.jpg
[스파클링] 마주앙 라세느,"9,980",sitem.ssgcdn.com/29/94/74/item/1000063749429_i1_290.jpg
[매장픽업] 호나타 토도스,"165,000",sitem.ssgcdn.com/04/13/77/item/1000217771304_i1_290.jpg
"[매장픽업] 후프스, 샤도네이 제니스 빈야드(화이트와인)","132,000",sitem.ssgcdn.com/26/84/60/item/1000531608426_i1_290.jpg
랑메일 올판 뱅크 쉬라즈,"82,000",sitem.ssgcdn.com/85/21/86/item/1000055862185_i1_290.jpg
[매장픽업]  마스 드 까드네 네그넬 까드네 로제,"90,000",sitem.ssgcdn.com/48/66/61/item/1000238616648_i1_290.jpg
[매장픽업]  라 꺄브 드 피콜로 핑크 이스 낫 레드,"80,000",sitem.ssgcdn.com/33/15/66/item/1000373661533_i1_290.jpg
[매장픽업]  도멘 상송 라 부르고뉴 샤르도네,"85,000",sitem.ssgcdn.com/46/69/58/item/1000373586946_i1_290.jpg
[화이트와인] 핀까엘 오리엔 샤도네이,"12,800",sitem.ssgcdn.com/95/51/59/item/1000373595195_i1_290.jpg
레 자멜 끌레르 드 로제,"15,000",sitem.ssgcdn.com/90/44/11/item/1000054114490_i1_290.jpg
[매장픽업] 일라이저 크레이그 토스티드 배럴,"140,000",sitem.ssgcdn.com/25/11/43/item/1000226431125_i1_290.jpg
[매장픽업] 패너 애쉬 쉐이 빈야드 피노 누아,"230,000",sitem.ssgcdn.com/48/53/89/item/1000488895348_i1_290.jpg
"[매장픽업] 쓰리 스틱스, `갭스 크라운` 피노 누아","210,000",sitem.ssgcdn.com/89/49/75/item/1000531754989_i1_290.jpg
[매장픽업] 테세롱 꼬냑 파씨옹,"590,000",sitem.ssgcdn.com/81/23/56/item/1000169562381_i1_290.jpg
[매장픽업] 드림스 오브 골드 쉬라즈,"77,000",sitem.ssgcdn.com/43/17/50/item/1000289501743_i1_290.jpg
[매장픽업] 알바로 팔라시오스 레스 테라제스,"139,000",sitem.ssgcdn.com/31/68/21/item/1000085216831_i1_290.jpg
[매장픽업]  에반 윌리엄스 싱글배럴 1본입,"89,000",sitem.ssgcdn.com/31/68/21/item/1000085216831_i2_290.jpg
[화이트와인] 이기갈 꼬드 뒤 론 블랑,"32,800",sitem.ssgcdn.com/68/03/79/item/1000530790368_i1_290.jpg
[스파클링] 산페드로 시그니처 카베르네 소비뇽,"19,800",sitem.ssgcdn.com/49/86/23/item/1000475238649_i1_290.jpg
"[매장픽업] 바독/강아지 와인 패키지 (샤르도네,애플)","50,000",sitem.ssgcdn.com/08/75/96/item/1000051967508_i1_290.jpg
레꼴 콜럼비아 밸리 메를로,"115,000",sitem.ssgcdn.com/66/34/89/item/1000206893466_i1_290.jpg
[매장픽업] 패너 애쉬 윌라멧 밸리 피노 누아,"160,000",sitem.ssgcdn.com/53/13/57/item/1000520571353_i1_290.jpg
[매장픽업] 마스카 델 타코 루 에따 피아노,"74,000",sitem.ssgcdn.com/74/82/86/item/1000043868274_i1_290.jpg
[매장픽업]  도멘 아이요 기 에 필스 클레망 드 부르고뉴 로제 브륏,"70,000",sitem.ssgcdn.com/12/16/01/item/1000532011612_i1_290.jpg
[매장픽업]  도멘 하고 지브리 샹 뿌호 블랑,"70,000",sitem.ssgcdn.com/73/92/85/item/1000349859273_i1_290.jpg
솔라즈 쉬라즈 템프라니요,"40,000",sitem.ssgcdn.com/94/05/55/item/1000373550594_i1_290.jpg
수도산 크라테 로제와인미디엄드라이 11.5도 375ml,"27,000",sitem.ssgcdn.com/06/93/31/item/1000376319306_i1_290.jpg
[매장픽업] 앱솔루트 자몽,"38,000",sitem.ssgcdn.com/72/78/18/item/1000211187872_i1_290.jpg
[매장픽업] AY 티터토터 세트,"350,000",sitem.ssgcdn.com/77/11/68/item/1000520681177_i1_290.jpg
[매장픽업] 스택스 립 와인 셀라 핸즈 오브 타임,"118,000",sitem.ssgcdn.com/77/11/68/item/1000520681177_i2_290.jpg
[화이트 와인] 배비치 포비든 바인 말보로 소비뇽 블랑,"15,000",sitem.ssgcdn.com/42/80/72/item/1000489728042_i1_290.jpg
[화이트와인] 레알 꼼빠니아 빠소 씨에이로 알바리뇨,"29,800",sitem.ssgcdn.com/39/51/56/item/1000445565139_i1_290.jpg
[화이트와인] 산타리타120 샤도네 스크류캡,"14,800",sitem.ssgcdn.com/22/84/08/item/1000355088422_i1_290.jpg
[레드와인] 리온도 아마로네 델라 발폴리첼라 DOCG,"39,800",sitem.ssgcdn.com/82/75/77/item/1000218777582_i1_290.jpg
[매장픽업] 리카솔리 알비아 비앙코 토스카나 IGT,"30,000",sitem.ssgcdn.com/93/25/63/item/1000431632593_i1_290.jpg
[레드와인] 산타리타 트리플C,"49,800",sitem.ssgcdn.com/62/14/43/item/1000546431462_i1_290.jpg
일라이저 크레이그 토스티드 배럴 750mL,"140,000",sitem.ssgcdn.com/21/95/60/item/1000543609521_i1_290.jpg
까레 엔젤 디비니따 화이트,"13,800",sitem.ssgcdn.com/36/14/87/item/1000238871436_i1_290.jpg
미스트 코브 랜드마트 쇼비뇽 블랑,"35,000",sitem.ssgcdn.com/38/80/54/item/1000248548038_i1_290.jpg
[매장픽업] 카모미 나파 밸리 로쏘,"65,000",sitem.ssgcdn.com/77/10/26/item/1000531261077_i1_290.jpg
[매장픽업] 라피스 루나 진판델,"68,000",sitem.ssgcdn.com/31/89/00/item/1000349008931_i1_290.jpg
[매장픽업] 라피스 루나 레드 블렌드,"68,000",sitem.ssgcdn.com/82/79/01/item/1000349017982_i1_290.jpg
[매장픽업] 베테 디 산 레오나르도,"64,000",sitem.ssgcdn.com/74/40/13/item/1000065134074_i1_290.jpg
[레드와인] 앙또냉귀용 오뜨꼬뜨드뉘 레담베르지,"50,000",sitem.ssgcdn.com/74/42/11/item/1000054114274_i1_290.jpg
[매장픽업]  마르께스 데 까사 콘차 에티케타 네그라(레드와인),"50,000",sitem.ssgcdn.com/23/98/69/item/1000048699823_i1_290.jpg
미스트 코브 에스테이트 쇼비뇽 블랑,"24,800",sitem.ssgcdn.com/34/80/54/item/1000248548034_i1_290.jpg
[화이트 와인] 카르멘 소비뇽블랑(인시그네),"19,800",sitem.ssgcdn.com/60/60/15/item/1000053156060_i1_290.jpg
[매장픽업] 미켈레 끼아를로 바롤로 체레퀴오,"289,000",sitem.ssgcdn.com/55/52/22/item/1000064225255_i1_290.jpg
"[매장픽업] 피오 체사레, 가비","39,000",sitem.ssgcdn.com/54/01/12/item/1000328120154_i1_290.jpg
[레드와인] 파즈 시라,"22,000",sitem.ssgcdn.com/58/70/21/item/1000053217058_i1_290.jpg
에반 윌리엄스 싱글 배럴 750mL,"99,000",sitem.ssgcdn.com/13/65/60/item/1000543606513_i1_290.jpg
[매장픽업] 안젤리카 자파타 샤도네이,"119,000",sitem.ssgcdn.com/82/13/86/item/1000519861382_i1_290.jpg
라포스톨 달라멜 샤도네이,"12,800",sitem.ssgcdn.com/29/44/11/item/1000054114429_i1_290.jpg
[매장픽업] 사가모어 스피릿 캐스크 스트렝스,"240,000",sitem.ssgcdn.com/15/38/06/item/1000547063815_i1_290.jpg
[레드와인] 투핸즈 엔젤스쉐어 1.5L,"60,000",sitem.ssgcdn.com/87/00/04/item/1000547040087_i1_290.jpg
[화이트와인] 도멘 바로나크 블랑,"84,800",sitem.ssgcdn.com/81/34/12/item/1000049123481_i1_290.jpg
AY 이탈리아 베네토 세트,"300,000",sitem.ssgcdn.com/97/33/41/item/1000445413397_i1_290.jpg
이기갈 지공다스,"65,000",sitem.ssgcdn.com/42/85/26/item/1000052268542_i1_290.jpg
도메니꼬 끌레리꼬 바르베라 달바 트레비네,"63,000",sitem.ssgcdn.com/71/71/63/item/1000238637171_i1_290.jpg
[매장픽업]  도멘 마트로 부르고뉴 피노누아,"75,000",sitem.ssgcdn.com/19/26/33/item/1000376332619_i1_290.jpg
[화이트 와인] 다크호스 샤도네이,"24,800",sitem.ssgcdn.com/72/75/77/item/1000218777572_i1_290.jpg
라로쉬 샤블리 프리미에 크뤼 라 샹트리,"82,800",sitem.ssgcdn.com/96/37/84/item/1000238843796_i1_290.jpg
퀼트 나파밸리 샤르도네,"58,000",sitem.ssgcdn.com/01/02/34/item/1000205340201_i1_290.jpg
[매장픽업] 일라이저 크레이그 스트레이트 라이,"110,000",sitem.ssgcdn.com/52/21/72/item/1000489722152_i1_290.jpg
델라모뜨 로제 750mL,"149,000",sitem.ssgcdn.com/13/93/57/item/1000543579313_i1_290.jpg
[레드와인] 아티스트 시리즈,"150,000",sitem.ssgcdn.com/36/91/24/item/1000049249136_i1_290.jpg
[매장픽업] 더 힐트 샤도네이,"150,000",sitem.ssgcdn.com/75/67/78/item/1000531786775_i1_290.jpg
[매장픽업] 호나타 플로르,"190,000",sitem.ssgcdn.com/08/68/60/item/1000531606808_i1_290.jpg
[매장픽업] 마셀 드 샹제 뉘 생 조르쥬 레 알로,"170,000",sitem.ssgcdn.com/91/11/69/item/1000529691191_i1_290.jpg
"[매장픽업] 월터 핸젤, 노스 슬로프 피노 누아","145,000",sitem.ssgcdn.com/14/92/08/item/1000328089214_i1_290.jpg
벤돔 페틸런트 논알콜 스파클링 와인 클래식 750ml 4병,"144,000",sitem.ssgcdn.com/11/95/29/item/1000484299511_i1_290.jpg
[매장픽업] 투핸즈 사만다스 가든,"169,000",sitem.ssgcdn.com/06/49/85/item/1000519854906_i1_290.jpg
조셉 칼 나파 샤르도네,"79,800",sitem.ssgcdn.com/64/37/84/item/1000238843764_i1_290.jpg
스톤헤지 그랑 리저브 샤도네이,"45,800",sitem.ssgcdn.com/39/63/55/item/1000248556339_i1_290.jpg
[화이트와인] 그래블리 포드 샤르도네,"26,000",sitem.ssgcdn.com/26/60/15/item/1000053156026_i1_290.jpg
카바이 루이자 750mL,"69,900",sitem.ssgcdn.com/19/90/58/item/1000543589019_i1_290.jpg
프레스코발디 레몰레 비앙코,"24,000",sitem.ssgcdn.com/40/33/61/item/1000065613340_i1_290.jpg
[레드와인] 투핸즈 날리듀즈 1.5L,"60,000",sitem.ssgcdn.com/89/00/04/item/1000547040089_i1_290.jpg
[매장픽업] 코폴라 엘레노어,"195,000",sitem.ssgcdn.com/54/04/96/item/1000523960454_i1_290.jpg
피에르 폰넬 샤샤뉴 몽랴쉐,"125,000",sitem.ssgcdn.com/68/22/24/item/1000438242268_i1_290.jpg
[매장픽업] 라 가르딘 케란느 (레드와인),"34,000",sitem.ssgcdn.com/68/98/34/item/1000542349868_i1_290.jpg
[매장픽업] 톨라이니 발디산티 IGT,"85,000",sitem.ssgcdn.com/50/47/69/item/1000510694750_i1_290.jpg
[매장픽업] 플라네타 쉬라,"94,000",sitem.ssgcdn.com/99/70/75/item/1000318757099_i1_290.jpg
[화이트 와인] 올리바레스 블랑코,"16,500",sitem.ssgcdn.com/62/28/85/item/1000055852862_i1_290.jpg
[화이트와인] 로즈락 샤도네이 에올라 아미티 힐즈,"59,800",sitem.ssgcdn.com/91/00/04/item/1000547040091_i1_290.jpg
앙리 샤블리 프리미에 크뤼,"72,000",sitem.ssgcdn.com/65/40/55/item/1000248554065_i1_290.jpg
[매장픽업] 나파누크 2012,"345,000",sitem.ssgcdn.com/15/32/23/item/1000455233215_i1_290.jpg
[화이트와인] 엠 샤푸티에 빌라 오 블랑,"19,800",sitem.ssgcdn.com/32/60/15/item/1000053156032_i1_290.jpg
[매장픽업] 돈나푸가타 탄크레디,"120,000",sitem.ssgcdn.com/91/91/13/item/1000530139191_i1_290.jpg
[매장픽업]  마크 템프 푸르스텐툼 피노그리 그랑크뤼,"140,000",sitem.ssgcdn.com/83/90/73/item/1000373739083_i1_290.jpg
[매장픽업]  메종 샴피 쥐브리-샴베르땡 비에이 비뉴,"195,000",sitem.ssgcdn.com/69/35/44/item/1000376443569_i1_290.jpg
[매장픽업] 마틴 랜치 J.D. 헐리 까베르네 소비뇽,"84,000",sitem.ssgcdn.com/71/66/53/item/1000327536671_i1_290.jpg
와비 사비 펫 낫 750mL,"39,900",sitem.ssgcdn.com/18/70/58/item/1000543587018_i1_290.jpg
[레드와인] 우마니론끼 요리오 레드,"44,800",sitem.ssgcdn.com/60/18/49/item/1000051491860_i1_290.jpg
[매장픽업] 알테시노 팔라쪼 알테시 (레드와인),"95,000",sitem.ssgcdn.com/23/80/35/item/1000542358023_i1_290.jpg
일라이저 크레이그 스트레이트 라이 750mL,"108,000",sitem.ssgcdn.com/95/04/79/item/1000556790495_i1_290.jpg
[매장픽업] 산테로 958 파티,"70,000",sitem.ssgcdn.com/02/64/86/item/1000264866402_i1_290.jpg
[레드와인] 파즈 까베르네 소비뇽 까베르네 프랑,"72,000",sitem.ssgcdn.com/98/63/60/item/1000209606398_i1_290.jpg
[매장픽업] 라피스 루나 소비뇽 블랑,"70,000",sitem.ssgcdn.com/78/38/01/item/1000349013878_i1_290.jpg
[매장픽업] 보리우 빈야드 캘리포니아 카베르네소비뇽,"60,000",sitem.ssgcdn.com/16/88/56/item/1000520568816_i1_290.jpg
[매장픽업] 뛰느방 배드 보이 시라,"55,000",sitem.ssgcdn.com/56/34/33/item/1000166333456_i1_290.jpg
델리카토 블랙스탈리온 샤도네이,"74,800",sitem.ssgcdn.com/09/48/86/item/1000238864809_i1_290.jpg
[매장픽업] CSR 헤드하이 세트,"180,000",sitem.ssgcdn.com/73/79/41/item/1000525417973_i1_290.jpg
"[매장픽업] 월터 핸젤, 케이힐 레인 피노 누아","155,000",sitem.ssgcdn.com/81/95/09/item/1000328099581_i1_290.jpg
[매장픽업] 피에르 지모네 파라독스,"160,000",sitem.ssgcdn.com/77/46/40/item/1000521404677_i1_290.jpg
[매장픽업] 우마니론끼-플레니오,"54,000",sitem.ssgcdn.com/34/60/60/item/1000529606034_i1_290.jpg
[매장픽업] 머드하우스 피노 그리 (화이트와인),"30,000",sitem.ssgcdn.com/77/52/85/item/1000043855277_i1_290.jpg
"[매장픽업] 도우 와인, 카베르네 소비뇽","49,000",sitem.ssgcdn.com/77/52/85/item/1000043855277_i2_290.jpg
[화이트 와인] 카르멘 샤도네이(인시그네),"19,800",sitem.ssgcdn.com/60/07/28/item/1000540280760_i1_290.jpg
펜폴즈 로손 리트리트 샤르도네,"39,800",sitem.ssgcdn.com/20/08/71/item/1000218710820_i1_290.jpg
[스파클링] 페리에주에 벨레포크 로제,"578,000",sitem.ssgcdn.com/10/81/22/item/1000209228110_i1_290.jpg
"[매장픽업]  도멘 피오나 르루이, 마랑쥐 블랑 오 셴","160,000",sitem.ssgcdn.com/32/81/67/item/1000214678132_i1_290.jpg
[매장픽업] 후소네 그란 레세르바,"100,000",sitem.ssgcdn.com/47/71/76/item/1000375767147_i1_290.jpg
[매장픽업] 에두아 돌로네 본 로마네,"310,000",sitem.ssgcdn.com/14/17/25/item/1000520251714_i1_290.jpg
